[0, 0, 0]
Voltage_1 (1)	Current_1 (1)
-9.658046E-01	+7.957220E-06
+6.897197E-01	+8.448958E-06
+2.434824E+00	+1.355410E-04
+2.451065E+00	+2.011061E-04
+2.462061E+00	+2.686977E-04
+2.473459E+00	+3.362745E-04
+2.479713E+00	+3.978014E-04
+2.486372E+00	+4.653782E-04
+2.494038E+00	+5.339682E-04
+2.498577E+00	+6.020516E-04
+2.503117E+00	+6.661117E-04
+2.506748E+00	+7.382184E-04
+2.512094E+00	+7.997602E-04
+2.515423E+00	+8.673370E-04
+2.519257E+00	+9.344071E-04
+2.523191E+00	+1.000986E-03
+2.526016E+00	+1.065031E-03
+2.528639E+00	+1.137659E-03
+2.531664E+00	+1.201198E-03
+2.535194E+00	+1.273826E-03
+2.537718E+00	+1.337871E-03
+2.539936E+00	+1.401931E-03
+2.541752E+00	+1.472533E-03
+2.545282E+00	+1.539111E-03
+2.547804E+00	+1.602650E-03
+2.550226E+00	+1.673758E-03
+2.551336E+00	+1.737311E-03
+2.553757E+00	+1.802370E-03
+2.556177E+00	+1.876503E-03
+2.557590E+00	+1.937017E-03
+2.560213E+00	+2.002582E-03
+2.562532E+00	+2.072185E-03
+2.564348E+00	+2.137750E-03
+2.566366E+00	+2.202302E-03
+2.568384E+00	+2.271399E-03
+2.571007E+00	+2.336457E-03
+2.572823E+00	+2.403021E-03
+2.574133E+00	+2.472624E-03
+2.575949E+00	+2.536669E-03
+2.578270E+00	+2.601236E-03
+2.579884E+00	+2.673849E-03
+2.581093E+00	+2.737403E-03
+2.582809E+00	+2.802461E-03
+2.584724E+00	+2.874583E-03
+2.585533E+00	+2.938122E-03
+2.588257E+00	+3.005698E-03
+2.588963E+00	+3.075302E-03
+2.591080E+00	+3.140360E-03
+2.591383E+00	+3.205419E-03
+2.592896E+00	+3.275529E-03
+2.595318E+00	+3.337055E-03
+2.596628E+00	+3.403619E-03
+2.597033E+00	+3.473729E-03
+2.598747E+00	+3.540799E-03
+2.600260E+00	+3.603846E-03
+2.602682E+00	+3.673941E-03
+2.603085E+00	+3.739506E-03
+2.604698E+00	+3.807589E-03
+2.606918E+00	+3.873155E-03
+2.607523E+00	+3.936708E-03
+2.608734E+00	+4.008323E-03
+2.610044E+00	+4.072875E-03
+2.612062E+00	+4.137427E-03
+2.613071E+00	+4.208535E-03
+2.614887E+00	+4.274607E-03
+2.615896E+00	+4.339665E-03
+2.617409E+00	+4.409760E-03
+2.618418E+00	+4.473820E-03
+2.619629E+00	+4.539892E-03
+2.621040E+00	+4.610494E-03
+2.621948E+00	+4.675046E-03
+2.622252E+00	+4.741117E-03
+2.624672E+00	+4.811719E-03
+2.625076E+00	+4.874766E-03
+2.627800E+00	+4.940331E-03
+2.628304E+00	+5.010426E-03
+2.629313E+00	+5.078003E-03
+2.629717E+00	+5.140036E-03
+2.630926E+00	+5.213678E-03
+2.632742E+00	+5.276218E-03
+2.633247E+00	+5.340770E-03
+2.634558E+00	+5.409360E-03
+2.635365E+00	+5.477443E-03
+2.636374E+00	+5.538464E-03
+2.638189E+00	+5.609065E-03
+2.638794E+00	+5.674124E-03
+2.640610E+00	+5.741209E-03
+2.640812E+00	+5.809799E-03
+2.642628E+00	+5.876869E-03
+2.643738E+00	+5.940914E-03
+2.644949E+00	+6.012037E-03
+2.646360E+00	+6.075069E-03
+2.646664E+00	+6.140634E-03
+2.647772E+00	+6.210744E-03
+2.649387E+00	+6.277308E-03
+2.650194E+00	+6.345898E-03
+2.651102E+00	+6.410956E-03
+2.652212E+00	+6.475016E-03
+2.653219E+00	+6.544605E-03
+2.654028E+00	+6.610677E-03
+2.655642E+00	+6.676748E-03
+2.655743E+00	+6.746843E-03
+2.656851E+00	+6.809384E-03
+2.658163E+00	+6.874949E-03
+2.658567E+00	+6.944045E-03
+2.659878E+00	+7.009104E-03
+2.660685E+00	+7.072642E-03
+2.661592E+00	+7.147282E-03
+2.663307E+00	+7.210836E-03
+2.663408E+00	+7.274374E-03
+2.664316E+00	+7.345483E-03
+2.665325E+00	+7.409543E-03
+2.666536E+00	+7.478639E-03
+2.667847E+00	+7.545203E-03
+2.668957E+00	+7.610768E-03
+2.670368E+00	+7.674813E-03
+2.671177E+00	+7.744417E-03
+2.671377E+00	+7.809475E-03
+2.672386E+00	+7.875547E-03
+2.674303E+00	+7.943630E-03
+2.675009E+00	+8.009687E-03
+2.675514E+00	+8.073241E-03
+2.676220E+00	+8.143842E-03
+2.677530E+00	+8.208409E-03
+2.678137E+00	+8.273959E-03
+2.678438E+00	+8.343056E-03
+2.679146E+00	+8.409128E-03
+2.680355E+00	+8.474186E-03
+2.682272E+00	+8.544281E-03
+2.682575E+00	+8.606821E-03
+2.682978E+00	+8.672893E-03
+2.683685E+00	+8.744508E-03
+2.684492E+00	+8.808553E-03
+2.685802E+00	+8.878157E-03
+2.687115E+00	+8.943722E-03
+2.687719E+00	+9.007767E-03
+2.689032E+00	+9.078369E-03
+2.689032E+00	+9.145454E-03
+2.690041E+00	+9.209499E-03
+2.691149E+00	+9.278089E-03
+2.692965E+00	+9.343654E-03
+2.693066E+00	+9.407699E-03
+2.694176E+00	+9.478822E-03
+2.693974E+00	+9.544373E-03
+2.694983E+00	+9.607926E-03
+2.696093E+00	+9.678021E-03
+2.697102E+00	+9.743080E-03
+2.698513E+00	+9.809151E-03
+2.698816E+00	+9.877741E-03
+2.700127E+00	+9.942800E-03
+2.699825E+00	+1.000585E-02
+2.700834E+00	+1.007645E-02
+2.702749E+00	+1.014504E-02
+2.702749E+00	+1.020657E-02
+2.703356E+00	+1.027869E-02
+2.704365E+00	+1.034224E-02
+2.704868E+00	+1.040931E-02
+2.706583E+00	+1.047841E-02
+2.707289E+00	+1.054347E-02
+2.706987E+00	+1.060601E-02
+2.708298E+00	+1.067762E-02
+2.709408E+00	+1.074418E-02
+2.710012E+00	+1.080723E-02
+2.712435E+00	+1.087885E-02
+2.711426E+00	+1.094188E-02
+2.712837E+00	+1.100744E-02
+2.713444E+00	+1.107806E-02
+2.714453E+00	+1.114109E-02
+2.715561E+00	+1.120716E-02
+2.715864E+00	+1.127727E-02
+2.716267E+00	+1.133980E-02
+2.717680E+00	+1.141243E-02
+2.718184E+00	+1.147647E-02
+2.719294E+00	+1.154204E-02
+2.719898E+00	+1.161164E-02
+2.719698E+00	+1.167771E-02
+2.720707E+00	+1.174176E-02
+2.721916E+00	+1.181287E-02
+2.722321E+00	+1.187541E-02
+2.723127E+00	+1.194148E-02
+2.724035E+00	+1.201007E-02
+2.724539E+00	+1.207714E-02
+2.725952E+00	+1.214118E-02
+2.726860E+00	+1.221129E-02
+2.727364E+00	+1.227584E-02
+2.728878E+00	+1.234192E-02
+2.729483E+00	+1.241101E-02
+2.729483E+00	+1.247607E-02
+2.730692E+00	+1.254012E-02
+2.731501E+00	+1.261072E-02
+2.731903E+00	+1.267780E-02
+2.732609E+00	+1.274084E-02
+2.733517E+00	+1.280943E-02
+2.734022E+00	+1.287702E-02
+2.734930E+00	+1.294157E-02
+2.735737E+00	+1.301067E-02
+2.736341E+00	+1.307774E-02
+2.736746E+00	+1.314127E-02
+2.737350E+00	+1.321189E-02
+2.738562E+00	+1.327543E-02
+2.739872E+00	+1.334099E-02
+2.740580E+00	+1.341060E-02
+2.740580E+00	+1.347515E-02
+2.741688E+00	+1.354021E-02
+2.741991E+00	+1.361284E-02
+2.741991E+00	+1.367638E-02
+2.743301E+00	+1.374194E-02
+2.744009E+00	+1.381154E-02
+2.744110E+00	+1.387711E-02
+2.745117E+00	+1.394568E-02
+2.746834E+00	+1.401226E-02
+2.747236E+00	+1.407631E-02
+2.747742E+00	+1.414642E-02
+2.748650E+00	+1.421298E-02
+2.748850E+00	+1.427704E-02
+2.750465E+00	+1.434512E-02
+2.750969E+00	+1.441169E-02
+2.751373E+00	+1.447524E-02
+2.752281E+00	+1.454686E-02
+2.752987E+00	+1.461191E-02
+2.753189E+00	+1.467799E-02
+2.754097E+00	+1.474859E-02
+2.754297E+00	+1.481466E-02
+2.756315E+00	+1.487820E-02
+2.755306E+00	+1.494427E-02
+2.756214E+00	+1.501286E-02
+2.758131E+00	+1.507741E-02
+2.757828E+00	+1.514752E-02
+2.758938E+00	+1.521307E-02
+2.759542E+00	+1.527815E-02
+2.760250E+00	+1.534623E-02
+2.760855E+00	+1.541279E-02
+2.761358E+00	+1.547734E-02
+2.763376E+00	+1.555249E-02
+2.762873E+00	+1.561150E-02
+2.763680E+00	+1.567808E-02
+2.764183E+00	+1.574717E-02
+2.765799E+00	+1.581323E-02
+2.766201E+00	+1.587729E-02
+2.766100E+00	+1.595041E-02
+2.767311E+00	+1.601447E-02
+2.767916E+00	+1.607750E-02
+2.769430E+00	+1.614912E-02
+2.768925E+00	+1.621367E-02
+2.770237E+00	+1.628579E-02
+2.770741E+00	+1.634833E-02
+2.771648E+00	+1.641339E-02
+2.772152E+00	+1.648299E-02
+2.773565E+00	+1.654956E-02
+2.772961E+00	+1.661260E-02
+2.773869E+00	+1.668270E-02
+2.773666E+00	+1.674676E-02
+2.774876E+00	+1.681434E-02
+2.775986E+00	+1.688343E-02
+2.776390E+00	+1.694798E-02
+2.776188E+00	+1.701152E-02
+2.777399E+00	+1.708567E-02
+2.777802E+00	+1.714821E-02
+2.779013E+00	+1.721630E-02
+2.779718E+00	+1.728286E-02
+2.780224E+00	+1.735196E-02
+2.781031E+00	+1.741298E-02
+2.781736E+00	+1.748408E-02
+2.781635E+00	+1.755016E-02
+2.782745E+00	+1.761572E-02
+2.783451E+00	+1.768482E-02
+2.783955E+00	+1.774988E-02
+2.784662E+00	+1.781242E-02
+2.785267E+00	+1.788454E-02
+2.785669E+00	+1.794960E-02
+2.786982E+00	+1.801364E-02
+2.787687E+00	+1.808374E-02
+2.788193E+00	+1.815082E-02
+2.787889E+00	+1.821385E-02
+2.788595E+00	+1.828447E-02
+2.790613E+00	+1.835154E-02
+2.791319E+00	+1.841307E-02
+2.790916E+00	+1.848722E-02
+2.791521E+00	+1.854874E-02
+2.792025E+00	+1.861431E-02
+2.793034E+00	+1.868491E-02
+2.793337E+00	+1.874946E-02
+2.794649E+00	+1.881957E-02
+2.795254E+00	+1.888463E-02
+2.796061E+00	+1.894918E-02
+2.795959E+00	+1.902433E-02
+2.797373E+00	+1.908685E-02
+2.797171E+00	+1.915142E-02
+2.797876E+00	+1.922101E-02
+2.798885E+00	+1.928556E-02
+2.798683E+00	+1.934962E-02
+2.800297E+00	+1.942022E-02
+2.800802E+00	+1.948680E-02
+2.801508E+00	+1.955085E-02
+2.802517E+00	+1.962398E-02
+2.802214E+00	+1.968803E-02
+2.803020E+00	+1.975156E-02
+2.803928E+00	+1.982015E-02
+2.804333E+00	+1.988824E-02
+2.805946E+00	+1.995179E-02
+2.805140E+00	+2.001987E-02
+2.806047E+00	+2.008443E-02
+2.807158E+00	+2.015352E-02
+2.807259E+00	+2.022110E-02
+2.808266E+00	+2.028616E-02
+2.808367E+00	+2.034870E-02
+2.809174E+00	+2.041981E-02
+2.809074E+00	+2.048588E-02
+2.810284E+00	+2.055195E-02
+2.810688E+00	+2.062456E-02
+2.810890E+00	+2.068710E-02
+2.811697E+00	+2.075015E-02
+2.812099E+00	+2.082025E-02
+2.812805E+00	+2.088431E-02
+2.814219E+00	+2.095036E-02
+2.815126E+00	+2.102149E-02
+2.814924E+00	+2.108553E-02
+2.815228E+00	+2.115513E-02
+2.816639E+00	+2.121969E-02
+2.817043E+00	+2.128576E-02
+2.818151E+00	+2.135585E-02
+2.817850E+00	+2.142091E-02
+2.818859E+00	+2.148597E-02
+2.819868E+00	+2.155758E-02
+2.820271E+00	+2.162114E-02
+2.820574E+00	+2.168417E-02
+2.821783E+00	+2.175428E-02
+2.821985E+00	+2.181984E-02
+2.821884E+00	+2.188389E-02
+2.823298E+00	+2.195399E-02
+2.823399E+00	+2.202006E-02
+2.824507E+00	+2.208613E-02
+2.824306E+00	+2.215523E-02
+2.824709E+00	+2.221876E-02
+2.825415E+00	+2.228585E-02
+2.827332E+00	+2.235444E-02
+2.827030E+00	+2.241950E-02
+2.827635E+00	+2.248354E-02
+2.827635E+00	+2.255465E-02
+2.828239E+00	+2.261870E-02
+2.828945E+00	+2.268527E-02
+2.830156E+00	+2.275488E-02
+2.830359E+00	+2.282245E-02
+2.831165E+00	+2.288246E-02
+2.831469E+00	+2.295509E-02
+2.832275E+00	+2.301964E-02
+2.832376E+00	+2.308521E-02
+2.833082E+00	+2.315128E-02
+2.834494E+00	+2.322137E-02
+2.835100E+00	+2.328442E-02
+2.835503E+00	+2.335402E-02
+2.836309E+00	+2.341959E-02
+2.836916E+00	+2.348414E-02
+2.837521E+00	+2.355675E-02
+2.836916E+00	+2.361830E-02
+2.838428E+00	+2.368738E-02
+2.838530E+00	+2.375396E-02
+2.839539E+00	+2.381749E-02
+2.839739E+00	+2.388862E-02
+2.840143E+00	+2.395417E-02
+2.841051E+00	+2.401772E-02
+2.842564E+00	+2.409337E-02
+2.842463E+00	+2.415287E-02
+2.842766E+00	+2.421996E-02
+2.842665E+00	+2.428804E-02
+2.843674E+00	+2.435361E-02
+2.844078E+00	+2.441765E-02
+2.845087E+00	+2.448876E-02
+2.845995E+00	+2.455232E-02
+2.846498E+00	+2.461737E-02
+2.846296E+00	+2.468747E-02
+2.847103E+00	+2.475303E-02
+2.848516E+00	+2.481759E-02
+2.848719E+00	+2.488820E-02
+2.849424E+00	+2.495377E-02
+2.849121E+00	+2.501781E-02
+2.850735E+00	+2.508841E-02
+2.851139E+00	+2.515347E-02
+2.851240E+00	+2.521853E-02
+2.852047E+00	+2.528663E-02
+2.853256E+00	+2.535319E-02
+2.852753E+00	+2.541724E-02
+2.852955E+00	+2.548735E-02
+2.854164E+00	+2.555139E-02
+2.854670E+00	+2.561595E-02
+2.854771E+00	+2.568504E-02
+2.855274E+00	+2.575162E-02
+2.855780E+00	+2.581920E-02
+2.856688E+00	+2.588829E-02
+2.856888E+00	+2.595083E-02
+2.857393E+00	+2.601740E-02
+2.857796E+00	+2.608497E-02
+2.858604E+00	+2.615003E-02
+2.859007E+00	+2.621409E-02
+2.860420E+00	+2.628721E-02
+2.861126E+00	+2.635278E-02
+2.860519E+00	+2.642187E-02
+2.861227E+00	+2.648592E-02
+2.862034E+00	+2.655049E-02
+2.862740E+00	+2.662210E-02
+2.863344E+00	+2.668765E-02
+2.864758E+00	+2.675322E-02
+2.864555E+00	+2.682181E-02
+2.864960E+00	+2.688788E-02
+2.865767E+00	+2.695143E-02
+2.866371E+00	+2.702354E-02
+2.867380E+00	+2.708760E-02
+2.868187E+00	+2.715316E-02
+2.867783E+00	+2.722125E-02
+2.869196E+00	+2.728882E-02
+2.869196E+00	+2.735187E-02
+2.870003E+00	+2.742349E-02
+2.870607E+00	+2.748753E-02
+2.870708E+00	+2.755460E-02
+2.871214E+00	+2.762118E-02
+2.871313E+00	+2.768725E-02
+2.871920E+00	+2.775028E-02
+2.872322E+00	+2.782342E-02
+2.873030E+00	+2.788797E-02
+2.873533E+00	+2.795252E-02
+2.873735E+00	+2.802314E-02
+2.874643E+00	+2.808820E-02
+2.875147E+00	+2.815326E-02
+2.875753E+00	+2.822185E-02
+2.876156E+00	+2.828841E-02
+2.877064E+00	+2.835146E-02
+2.877668E+00	+2.842307E-02
+2.879183E+00	+2.848661E-02
+2.878778E+00	+2.855217E-02
+2.879787E+00	+2.862480E-02
+2.880695E+00	+2.869187E-02
+2.880192E+00	+2.875744E-02
+2.881805E+00	+2.882552E-02
+2.881603E+00	+2.888806E-02
+2.882107E+00	+2.895917E-02
+2.882915E+00	+2.902323E-02
+2.883217E+00	+2.908979E-02
+2.884125E+00	+2.915737E-02
+2.883923E+00	+2.922344E-02
+2.885033E+00	+2.929002E-02
+2.884731E+00	+2.935760E-02
+2.885437E+00	+2.942467E-02
+2.886446E+00	+2.948822E-02
+2.886646E+00	+2.956337E-02
+2.886747E+00	+2.962388E-02
+2.887554E+00	+2.968743E-02
+2.888563E+00	+2.975854E-02
+2.888765E+00	+2.982259E-02
+2.889370E+00	+2.988815E-02
+2.890379E+00	+2.995876E-02
+2.891186E+00	+3.002382E-02
+2.891287E+00	+3.008787E-02
+2.892094E+00	+3.015848E-02
+2.892195E+00	+3.022455E-02
+2.893204E+00	+3.028759E-02
+2.893002E+00	+3.035869E-02
+2.893305E+00	+3.042375E-02
+2.894617E+00	+3.048881E-02
+2.895323E+00	+3.055891E-02
+2.895525E+00	+3.062448E-02
+2.895725E+00	+3.068853E-02
+2.896532E+00	+3.076015E-02
+2.897341E+00	+3.082571E-02
+2.896835E+00	+3.088875E-02
+2.897945E+00	+3.096137E-02
+2.898853E+00	+3.102442E-02
+2.898853E+00	+3.109200E-02
+2.899055E+00	+3.115857E-02
+2.899458E+00	+3.122464E-02
+2.899862E+00	+3.129474E-02
+2.901375E+00	+3.136081E-02
+2.900871E+00	+3.142435E-02
+2.901678E+00	+3.149547E-02
+2.902384E+00	+3.155951E-02
+2.902687E+00	+3.162558E-02
+2.903191E+00	+3.169215E-02
+2.904604E+00	+3.176124E-02
+2.904804E+00	+3.182328E-02
+2.904402E+00	+3.189439E-02
+2.905914E+00	+3.195995E-02
+2.906923E+00	+3.202552E-02
+2.907024E+00	+3.209562E-02
+2.906923E+00	+3.215866E-02
+2.908234E+00	+3.222826E-02
+2.907932E+00	+3.229533E-02
+2.909042E+00	+3.236140E-02
+2.909647E+00	+3.242495E-02
+2.909849E+00	+3.249606E-02
+2.910252E+00	+3.256112E-02
+2.911058E+00	+3.262617E-02
+2.910957E+00	+3.269427E-02
+2.912067E+00	+3.276184E-02
+2.912975E+00	+3.282841E-02
+2.913984E+00	+3.289650E-02
+2.913279E+00	+3.295904E-02
+2.913984E+00	+3.302510E-02
+2.914589E+00	+3.309420E-02
+2.915598E+00	+3.316228E-02
+2.914993E+00	+3.322482E-02
+2.915800E+00	+3.329795E-02
+2.916204E+00	+3.336250E-02
+2.916103E+00	+3.342706E-02
+2.917717E+00	+3.349817E-02
+2.917414E+00	+3.356121E-02
+2.918020E+00	+3.362526E-02
+2.918928E+00	+3.369637E-02
+2.919331E+00	+3.376446E-02
+2.919634E+00	+3.382952E-02
+2.921551E+00	+3.389659E-02
+2.920441E+00	+3.395963E-02
+2.921953E+00	+3.403176E-02
+2.921652E+00	+3.409429E-02
+2.923063E+00	+3.416086E-02
+2.923468E+00	+3.423147E-02
+2.923567E+00	+3.429602E-02
+2.924475E+00	+3.436361E-02
+2.924677E+00	+3.443018E-02
+2.925686E+00	+3.449523E-02
+2.925989E+00	+3.456029E-02
+2.926695E+00	+3.463090E-02
+2.926897E+00	+3.469596E-02
+2.927603E+00	+3.475799E-02
+2.927603E+00	+3.482860E-02
+2.928511E+00	+3.489365E-02
+2.928814E+00	+3.495973E-02
+2.929014E+00	+3.502882E-02
+2.929823E+00	+3.509438E-02
+2.929621E+00	+3.516146E-02
+2.930731E+00	+3.523005E-02
+2.931133E+00	+3.529561E-02
+2.931133E+00	+3.536016E-02
+2.931940E+00	+3.543077E-02
+2.932142E+00	+3.549432E-02
+2.932646E+00	+3.555988E-02
+2.933756E+00	+3.562746E-02
+2.933554E+00	+3.569504E-02
+2.934059E+00	+3.575909E-02
+2.934563E+00	+3.583071E-02
+2.935369E+00	+3.589425E-02
+2.936378E+00	+3.595881E-02
+2.936783E+00	+3.602891E-02
+2.936985E+00	+3.609296E-02
+2.937185E+00	+3.615802E-02
+2.938498E+00	+3.623165E-02
+2.939608E+00	+3.629419E-02
+2.939405E+00	+3.636328E-02
+2.939709E+00	+3.642633E-02
+2.939909E+00	+3.649491E-02
+2.939808E+00	+3.656501E-02
+2.941322E+00	+3.662957E-02
+2.942331E+00	+3.669412E-02
+2.942432E+00	+3.676322E-02
+2.942230E+00	+3.682979E-02
+2.943439E+00	+3.689132E-02
+2.943844E+00	+3.696293E-02
+2.944448E+00	+3.702648E-02
+2.945156E+00	+3.709305E-02
+2.945055E+00	+3.716568E-02
+2.945255E+00	+3.722821E-02
+2.945356E+00	+3.729277E-02
+2.946365E+00	+3.736337E-02
+2.947475E+00	+3.742743E-02
+2.947172E+00	+3.749349E-02
+2.947577E+00	+3.756057E-02
+2.947979E+00	+3.762865E-02
+2.948687E+00	+3.769220E-02
+2.950098E+00	+3.776230E-02
+2.950804E+00	+3.782736E-02
+2.950300E+00	+3.789192E-02
+2.950300E+00	+3.796101E-02
+2.952217E+00	+3.802758E-02
+2.952116E+00	+3.809214E-02
+2.952923E+00	+3.816123E-02
+2.953226E+00	+3.822679E-02
+2.954134E+00	+3.829286E-02
+2.953527E+00	+3.836346E-02
+2.954334E+00	+3.842651E-02
+2.955647E+00	+3.849308E-02
+2.956049E+00	+3.855965E-02
+2.955748E+00	+3.862824E-02
+2.956251E+00	+3.869230E-02
+2.956352E+00	+3.876239E-02
+2.957058E+00	+3.882695E-02
+2.957361E+00	+3.889554E-02
+2.958673E+00	+3.896110E-02
+2.958773E+00	+3.902919E-02
+2.959379E+00	+3.909525E-02
+2.959581E+00	+3.916082E-02
+2.960892E+00	+3.922436E-02
+2.961296E+00	+3.929598E-02
+2.960791E+00	+3.935952E-02
+2.961397E+00	+3.942710E-02
+2.962103E+00	+3.949771E-02
+2.963112E+00	+3.956126E-02
+2.963312E+00	+3.962632E-02
+2.964119E+00	+3.969541E-02
+2.964321E+00	+3.976198E-02
+2.965532E+00	+3.982502E-02
+2.966036E+00	+3.989512E-02
+2.965935E+00	+3.996069E-02
+2.966541E+00	+4.002524E-02
+2.966137E+00	+4.009333E-02
+2.967146E+00	+4.015990E-02
+2.968155E+00	+4.022345E-02
+2.968559E+00	+4.029708E-02
+2.968155E+00	+4.036213E-02
+2.968861E+00	+4.042467E-02
+2.969366E+00	+4.049377E-02
+2.969566E+00	+4.056135E-02
+2.971182E+00	+4.062590E-02
+2.971182E+00	+4.069500E-02
+2.970676E+00	+4.075955E-02
+2.971786E+00	+4.082814E-02
+2.972290E+00	+4.089724E-02
+2.972290E+00	+4.096330E-02
+2.973299E+00	+4.102886E-02
+2.974106E+00	+4.109796E-02
+2.974308E+00	+4.116352E-02
+2.974813E+00	+4.123010E-02
+2.975620E+00	+4.129868E-02
+2.976225E+00	+4.136071E-02
+2.977032E+00	+4.143334E-02
+2.976830E+00	+4.150193E-02
+2.978544E+00	+4.156245E-02
+2.978142E+00	+4.163256E-02
+2.978544E+00	+4.169862E-02
+2.978746E+00	+4.176217E-02
+2.979755E+00	+4.183429E-02
+2.978746E+00	+4.189833E-02
+2.979856E+00	+4.196289E-02
+2.981169E+00	+4.203400E-02
+2.981068E+00	+4.209957E-02
+2.981976E+00	+4.216311E-02
+2.981369E+00	+4.223371E-02
+2.981571E+00	+4.229525E-02
+2.982378E+00	+4.236232E-02
+2.983387E+00	+4.243444E-02
+2.983286E+00	+4.249749E-02
+2.983992E+00	+4.256406E-02
+2.984699E+00	+4.263163E-02
+2.984800E+00	+4.269972E-02
+2.986111E+00	+4.276377E-02
+2.986212E+00	+4.283387E-02
+2.986212E+00	+4.289691E-02
+2.986715E+00	+4.296298E-02
+2.987423E+00	+4.303309E-02
+2.988632E+00	+4.310319E-02
+2.988531E+00	+4.316421E-02
+2.989138E+00	+4.323381E-02
+2.989944E+00	+4.329736E-02
+2.989843E+00	+4.336443E-02
+2.990751E+00	+4.343403E-02
+2.991558E+00	+4.349909E-02
+2.991760E+00	+4.356415E-02
+2.992264E+00	+4.363274E-02
+2.992870E+00	+4.369931E-02
+2.992870E+00	+4.376991E-02
+2.993576E+00	+4.383396E-02
+2.994080E+00	+4.390004E-02
+2.995190E+00	+4.397215E-02
+2.995291E+00	+4.403368E-02
+2.995895E+00	+4.409874E-02
+2.996502E+00	+4.417136E-02
+2.996601E+00	+4.423440E-02
+2.996300E+00	+4.429846E-02
+2.996601E+00	+4.436956E-02
+2.997107E+00	+4.443311E-02
+2.998318E+00	+4.450019E-02
+2.997913E+00	+4.456878E-02
+2.998518E+00	+4.463535E-02
+2.999325E+00	+4.470394E-02
+2.999628E+00	+4.476950E-02
+3.000134E+00	+4.483456E-02
+3.000637E+00	+4.490113E-02
+3.000839E+00	+4.497073E-02
+3.000940E+00	+4.503529E-02
+3.001848E+00	+4.510236E-02
+3.002554E+00	+4.517196E-02
+3.003260E+00	+4.523551E-02
+3.003965E+00	+4.530410E-02
+3.004066E+00	+4.537420E-02
+3.004168E+00	+4.543673E-02
+3.006084E+00	+4.549978E-02
+3.005480E+00	+4.557038E-02
+3.005680E+00	+4.563595E-02
+3.005579E+00	+4.570252E-02
+3.006487E+00	+4.577262E-02
+3.007597E+00	+4.583566E-02
+3.008505E+00	+4.590173E-02
+3.008001E+00	+4.597133E-02
+3.009312E+00	+4.603689E-02
+3.009312E+00	+4.610094E-02
+3.009817E+00	+4.617104E-02
+3.010523E+00	+4.623660E-02
+3.010422E+00	+4.630772E-02
+3.011633E+00	+4.637127E-02
+3.011532E+00	+4.643682E-02
+3.012238E+00	+4.650541E-02
+3.012743E+00	+4.657198E-02
+3.013044E+00	+4.663604E-02
+3.013651E+00	+4.670816E-02
+3.013247E+00	+4.677220E-02
+3.014357E+00	+4.683726E-02
+3.015062E+00	+4.690787E-02
+3.015062E+00	+4.697242E-02
+3.015566E+00	+4.703698E-02
+3.015768E+00	+4.710557E-02
+3.016474E+00	+4.717113E-02
+3.017080E+00	+4.723620E-02
+3.018290E+00	+4.730680E-02
+3.017786E+00	+4.736934E-02
+3.017887E+00	+4.743642E-02
+3.018795E+00	+4.750652E-02
+3.019299E+00	+4.757107E-02
+3.019299E+00	+4.763562E-02
+3.021013E+00	+4.770623E-02
+3.020308E+00	+4.777078E-02
+3.020712E+00	+4.783686E-02
+3.022224E+00	+4.790494E-02
+3.022224E+00	+4.797202E-02
+3.023737E+00	+4.803506E-02
+3.023335E+00	+4.810616E-02
+3.022829E+00	+4.817123E-02
+3.023737E+00	+4.823578E-02
+3.024141E+00	+4.830689E-02
+3.025755E+00	+4.837145E-02
+3.025251E+00	+4.843651E-02
+3.025755E+00	+4.850661E-02
+3.026461E+00	+4.857217E-02
+3.026966E+00	+4.863673E-02
+3.027067E+00	+4.870582E-02
+3.028076E+00	+4.876987E-02
+3.028378E+00	+4.884199E-02
+3.029083E+00	+4.890705E-02
+3.029083E+00	+4.897110E-02
+3.029690E+00	+4.904120E-02
+3.029589E+00	+4.910626E-02
+3.030193E+00	+4.916880E-02
+3.031303E+00	+4.923940E-02
+3.031202E+00	+4.930749E-02
+3.031607E+00	+4.937053E-02
+3.032009E+00	+4.943811E-02
+3.032413E+00	+4.950519E-02
+3.033018E+00	+4.956923E-02
+3.034733E+00	+4.963934E-02
+3.034027E+00	+4.970339E-02
+3.033926E+00	+4.976996E-02
+3.035036E+00	+4.984057E-02
+3.035137E+00	+4.990461E-02
+3.035944E+00	+4.997069E-02
+3.036852E+00	+5.003776E-02
+3.036146E+00	+5.010534E-02
+3.036650E+00	+5.016889E-02
+3.037355E+00	+5.024000E-02
+3.038567E+00	+5.030455E-02
+3.038969E+00	+5.036861E-02
+3.038870E+00	+5.043972E-02
+3.038870E+00	+5.050528E-02
+3.039877E+00	+5.056832E-02
+3.040483E+00	+5.064044E-02
+3.040987E+00	+5.070701E-02
+3.040585E+00	+5.076854E-02
+3.041391E+00	+5.083864E-02
+3.042601E+00	+5.090269E-02
+3.043207E+00	+5.096573E-02
+3.043812E+00	+5.103886E-02
+3.042904E+00	+5.110291E-02
+3.043610E+00	+5.116898E-02
+3.044315E+00	+5.123908E-02
+3.045223E+00	+5.130313E-02
+3.045729E+00	+5.137475E-02
+3.045628E+00	+5.143829E-02
+3.045729E+00	+5.150436E-02
+3.047039E+00	+5.157346E-02
+3.047342E+00	+5.163851E-02
+3.047544E+00	+5.170155E-02
+3.048452E+00	+5.177468E-02
+3.047947E+00	+5.183823E-02
+3.049461E+00	+5.190228E-02
+3.049461E+00	+5.197339E-02
+3.049562E+00	+5.203845E-02
+3.049664E+00	+5.210200E-02
+3.049965E+00	+5.217311E-02
+3.050369E+00	+5.223564E-02
+3.051579E+00	+5.230322E-02
+3.052689E+00	+5.237030E-02
+3.052084E+00	+5.243687E-02
+3.052790E+00	+5.250244E-02
+3.052588E+00	+5.257405E-02
+3.053799E+00	+5.263659E-02
+3.053900E+00	+5.270266E-02
+3.054504E+00	+5.277326E-02
+3.054605E+00	+5.283782E-02
+3.054707E+00	+5.290338E-02
+3.055513E+00	+5.297197E-02
+3.056320E+00	+5.303854E-02
+3.056522E+00	+5.310209E-02
+3.057430E+00	+5.317371E-02
+3.057430E+00	+5.323876E-02
+3.058641E+00	+5.330130E-02
+3.059145E+00	+5.337140E-02
+3.058338E+00	+5.343797E-02
+3.058943E+00	+5.350051E-02
+3.060356E+00	+5.357162E-02
+3.060759E+00	+5.363718E-02
+3.061869E+00	+5.370174E-02
+3.061264E+00	+5.377436E-02
+3.062071E+00	+5.383740E-02
+3.062473E+00	+5.390751E-02
+3.063080E+00	+5.397358E-02
+3.063280E+00	+5.403611E-02
+3.063684E+00	+5.410773E-02
+3.065197E+00	+5.417480E-02
+3.064896E+00	+5.423936E-02
+3.065298E+00	+5.430946E-02
+3.064795E+00	+5.437351E-02
+3.066105E+00	+5.444109E-02
+3.066307E+00	+5.450767E-02
+3.066509E+00	+5.457222E-02
+3.066711E+00	+5.463829E-02
+3.067316E+00	+5.470889E-02
+3.067921E+00	+5.477345E-02
+3.068426E+00	+5.483851E-02
+3.069233E+00	+5.490962E-02
+3.069132E+00	+5.497468E-02
+3.069233E+00	+5.503722E-02
+3.069635E+00	+5.511084E-02
+3.070141E+00	+5.517288E-02
+3.071251E+00	+5.523793E-02
+3.070543E+00	+5.530754E-02
+3.072359E+00	+5.537663E-02
+3.071957E+00	+5.543917E-02
+3.072159E+00	+5.550927E-02
+3.073570E+00	+5.557433E-02
+3.073874E+00	+5.563787E-02
+3.074074E+00	+5.570848E-02
+3.074883E+00	+5.577354E-02
+3.075184E+00	+5.583860E-02
+3.075790E+00	+5.590870E-02
+3.076496E+00	+5.597628E-02
+3.076597E+00	+5.603882E-02
+3.076294E+00	+5.611144E-02
+3.077303E+00	+5.617398E-02
+3.077606E+00	+5.623904E-02
+3.078312E+00	+5.630914E-02
+3.078413E+00	+5.637521E-02
+3.078613E+00	+5.644481E-02
+3.079824E+00	+5.651188E-02
+3.079521E+00	+5.657542E-02
+3.080330E+00	+5.664553E-02
+3.080833E+00	+5.670807E-02
+3.081238E+00	+5.677464E-02
+3.080530E+00	+5.684474E-02
+3.082346E+00	+5.690879E-02
+3.082750E+00	+5.697839E-02
+3.082146E+00	+5.704647E-02
+3.083254E+00	+5.711002E-02
+3.083153E+00	+5.717458E-02
+3.084768E+00	+5.724569E-02
+3.083961E+00	+5.731075E-02
+3.084869E+00	+5.737681E-02
+3.084969E+00	+5.744540E-02
+3.085676E+00	+5.750996E-02
+3.086281E+00	+5.757552E-02
+3.086784E+00	+5.764814E-02
+3.087088E+00	+5.771018E-02
+3.088400E+00	+5.777675E-02
+3.087591E+00	+5.784534E-02
+3.088499E+00	+5.791040E-02
+3.089005E+00	+5.797596E-02
+3.089508E+00	+5.804909E-02
+3.089710E+00	+5.811062E-02
+3.089912E+00	+5.817517E-02
+3.091627E+00	+5.824729E-02
+3.091124E+00	+5.830932E-02
+3.092535E+00	+5.837388E-02
+3.091425E+00	+5.844449E-02
+3.091526E+00	+5.850803E-02
+3.092333E+00	+5.857460E-02
+3.092939E+00	+5.864773E-02
+3.092838E+00	+5.871178E-02
+3.093342E+00	+5.878289E-02
+3.094955E+00	+5.884492E-02
+3.094351E+00	+5.891200E-02
+3.095057E+00	+5.898110E-02
+3.095663E+00	+5.904565E-02
+3.096973E+00	+5.911323E-02
+3.096470E+00	+5.918283E-02
+3.097277E+00	+5.924638E-02
+3.097780E+00	+5.931497E-02
+3.097378E+00	+5.938052E-02
+3.098185E+00	+5.944962E-02
+3.099293E+00	+5.951014E-02
+3.099798E+00	+5.958074E-02
+3.099697E+00	+5.964631E-02
+3.100403E+00	+5.971339E-02
+3.101109E+00	+5.978097E-02
+3.101009E+00	+5.984703E-02
+3.101412E+00	+5.991159E-02
+3.102320E+00	+5.998371E-02
+3.102421E+00	+6.004776E-02
+3.103228E+00	+6.011181E-02
+3.102825E+00	+6.018241E-02
+3.104136E+00	+6.024697E-02
+3.103531E+00	+6.031506E-02
+3.103933E+00	+6.038263E-02
+3.104841E+00	+6.044618E-02
+3.105749E+00	+6.051225E-02
+3.106758E+00	+6.058538E-02
+3.105951E+00	+6.064691E-02
+3.106052E+00	+6.071448E-02
+3.105951E+00	+6.078005E-02
+3.106758E+00	+6.084713E-02
+3.107264E+00	+6.091118E-02
+3.108574E+00	+6.098128E-02
+3.108372E+00	+6.104634E-02
+3.108877E+00	+6.111140E-02
+3.109079E+00	+6.117999E-02
+3.109280E+00	+6.124605E-02
+3.110390E+00	+6.131666E-02
+3.111298E+00	+6.138223E-02
+3.111298E+00	+6.144678E-02
+3.111702E+00	+6.151588E-02
+3.112711E+00	+6.158295E-02
+3.112307E+00	+6.164599E-02
+3.112307E+00	+6.171659E-02
+3.113113E+00	+6.177863E-02
+3.113518E+00	+6.184570E-02
+3.114122E+00	+6.191480E-02
+3.115030E+00	+6.198289E-02
+3.115334E+00	+6.204542E-02
+3.116140E+00	+6.211653E-02
+3.115534E+00	+6.218109E-02
+3.116543E+00	+6.224514E-02
+3.116846E+00	+6.231473E-02
+3.117350E+00	+6.238130E-02
+3.116947E+00	+6.244485E-02
+3.117754E+00	+6.251597E-02
+3.118057E+00	+6.257951E-02
+3.119873E+00	+6.264760E-02
+3.119165E+00	+6.271517E-02
+3.119570E+00	+6.278074E-02
+3.120073E+00	+6.284328E-02
+3.121082E+00	+6.291590E-02
+3.120377E+00	+6.298247E-02
+3.121588E+00	+6.304602E-02
+3.121487E+00	+6.311612E-02
+3.121889E+00	+6.317866E-02
+3.122496E+00	+6.324876E-02
+3.123302E+00	+6.331533E-02
+3.124008E+00	+6.338039E-02
+3.123302E+00	+6.344343E-02
+3.124210E+00	+6.351504E-02
+3.124413E+00	+6.357809E-02
+3.125017E+00	+6.364416E-02
+3.125925E+00	+6.371477E-02
+3.125925E+00	+6.378032E-02
+3.126732E+00	+6.384740E-02
+3.127136E+00	+6.391448E-02
+3.127640E+00	+6.397954E-02
+3.127943E+00	+6.404863E-02
+3.128044E+00	+6.411470E-02
+3.128851E+00	+6.417976E-02
+3.128750E+00	+6.424935E-02
+3.129051E+00	+6.431492E-02
+3.129759E+00	+6.437948E-02
+3.130363E+00	+6.444857E-02
+3.130968E+00	+6.451564E-02
+3.131069E+00	+6.457919E-02
+3.131977E+00	+6.464929E-02
+3.132584E+00	+6.471284E-02
+3.132584E+00	+6.478041E-02
+3.132584E+00	+6.484649E-02
+3.132986E+00	+6.491406E-02
+3.133591E+00	+6.497812E-02
+3.133188E+00	+6.504872E-02
+3.134096E+00	+6.511277E-02
+3.134298E+00	+6.517985E-02
+3.134802E+00	+6.524692E-02
+3.135508E+00	+6.531198E-02
+3.135710E+00	+6.537704E-02
+3.136921E+00	+6.544916E-02
+3.137424E+00	+6.551170E-02
+3.137323E+00	+6.557928E-02
+3.137829E+00	+6.564787E-02
+3.138535E+00	+6.571293E-02
+3.139240E+00	+6.578051E-02
+3.139341E+00	+6.584809E-02
+3.139442E+00	+6.591315E-02
+3.139544E+00	+6.597720E-02
+3.140350E+00	+6.604831E-02
+3.140854E+00	+6.611287E-02
+3.141258E+00	+6.617691E-02
+3.142065E+00	+6.624651E-02
+3.141661E+00	+6.631460E-02
+3.141964E+00	+6.638268E-02
+3.142469E+00	+6.644825E-02
+3.143578E+00	+6.651179E-02
+3.144384E+00	+6.658341E-02
+3.144285E+00	+6.664847E-02
+3.143881E+00	+6.671353E-02
+3.144688E+00	+6.678212E-02
+3.144890E+00	+6.684818E-02
+3.145697E+00	+6.691375E-02
+3.146101E+00	+6.698385E-02
+3.146000E+00	+6.705093E-02
+3.146706E+00	+6.711346E-02
+3.146807E+00	+6.718205E-02
+3.147209E+00	+6.724761E-02
+3.148319E+00	+6.731267E-02
+3.148724E+00	+6.738429E-02
+3.148724E+00	+6.744985E-02
+3.149126E+00	+6.751440E-02
+3.150135E+00	+6.758400E-02
+3.150740E+00	+6.764906E-02
+3.151043E+00	+6.771664E-02
+3.150640E+00	+6.778422E-02
+3.152052E+00	+6.784727E-02
+3.152254E+00	+6.791384E-02
+3.153061E+00	+6.798596E-02
+3.153263E+00	+6.804849E-02
+3.153868E+00	+6.811658E-02
+3.153162E+00	+6.818769E-02
+3.154171E+00	+6.825073E-02
+3.154978E+00	+6.831377E-02
+3.155380E+00	+6.838489E-02
+3.155380E+00	+6.845045E-02
+3.155684E+00	+6.851450E-02
+3.155279E+00	+6.858359E-02
+3.156591E+00	+6.865016E-02
+3.156794E+00	+6.871422E-02
+3.156994E+00	+6.878432E-02
+3.157398E+00	+6.885139E-02
+3.158104E+00	+6.891797E-02
+3.158104E+00	+6.898504E-02
+3.158508E+00	+6.905010E-02
+3.159920E+00	+6.912020E-02
+3.160021E+00	+6.918677E-02
+3.159618E+00	+6.925082E-02
+3.160425E+00	+6.931992E-02
+3.161533E+00	+6.938598E-02
+3.161333E+00	+6.945205E-02
+3.161837E+00	+6.952114E-02
+3.163048E+00	+6.958419E-02
+3.163450E+00	+6.964975E-02
+3.163754E+00	+6.971935E-02
+3.163754E+00	+6.978744E-02
+3.163855E+00	+6.985047E-02
+3.164257E+00	+6.992058E-02
+3.165468E+00	+6.998412E-02
+3.165670E+00	+7.005171E-02
+3.166073E+00	+7.012029E-02
+3.166073E+00	+7.018586E-02
+3.166679E+00	+7.024940E-02
+3.166882E+00	+7.031950E-02
+3.166780E+00	+7.038809E-02
+3.167587E+00	+7.045013E-02
+3.168293E+00	+7.052275E-02
+3.168192E+00	+7.058478E-02
+3.168495E+00	+7.065186E-02
+3.168797E+00	+7.071894E-02
+3.169806E+00	+7.078601E-02
+3.169806E+00	+7.085057E-02
+3.170612E+00	+7.092118E-02
+3.170815E+00	+7.098573E-02
+3.170916E+00	+7.105280E-02
+3.171419E+00	+7.112089E-02
+3.171925E+00	+7.118494E-02
+3.172228E+00	+7.125555E-02
+3.173639E+00	+7.132212E-02
+3.173538E+00	+7.138516E-02
+3.173639E+00	+7.145879E-02
+3.174749E+00	+7.151981E-02
+3.174952E+00	+7.158538E-02
+3.175051E+00	+7.165599E-02
+3.175253E+00	+7.172155E-02
+3.176464E+00	+7.178660E-02
+3.176161E+00	+7.185671E-02
+3.177774E+00	+7.192429E-02
+3.177372E+00	+7.198633E-02
+3.178078E+00	+7.205643E-02
+3.177774E+00	+7.212199E-02
+3.178280E+00	+7.218755E-02
+3.178783E+00	+7.225614E-02
+3.179087E+00	+7.232019E-02
+3.178783E+00	+7.238576E-02
+3.180096E+00	+7.245687E-02
+3.179691E+00	+7.252092E-02
+3.180801E+00	+7.258749E-02
+3.181004E+00	+7.265608E-02
+3.181406E+00	+7.272265E-02
+3.181608E+00	+7.278670E-02
+3.181406E+00	+7.285731E-02
+3.182314E+00	+7.292085E-02
+3.183323E+00	+7.298793E-02
+3.183727E+00	+7.305652E-02
+3.183323E+00	+7.312208E-02
+3.183929E+00	+7.318966E-02
+3.184534E+00	+7.325573E-02
+3.185745E+00	+7.332230E-02
+3.185240E+00	+7.338837E-02
+3.186148E+00	+7.345696E-02
+3.186148E+00	+7.352252E-02
+3.187460E+00	+7.358758E-02
+3.187561E+00	+7.365718E-02
+3.188267E+00	+7.372274E-02
+3.188568E+00	+7.379285E-02
+3.188770E+00	+7.385841E-02
+3.188871E+00	+7.392145E-02
+3.189276E+00	+7.399206E-02
+3.189981E+00	+7.405913E-02
+3.190485E+00	+7.412167E-02
+3.190384E+00	+7.419026E-02
+3.191292E+00	+7.425784E-02
+3.191393E+00	+7.432138E-02
+3.192101E+00	+7.439250E-02
+3.192503E+00	+7.445654E-02
+3.192200E+00	+7.452362E-02
+3.192604E+00	+7.459221E-02
+3.192604E+00	+7.465677E-02
+3.193613E+00	+7.472081E-02
+3.194319E+00	+7.479142E-02
+3.194218E+00	+7.485749E-02
+3.194723E+00	+7.492305E-02
+3.195227E+00	+7.499215E-02
+3.195024E+00	+7.505620E-02
+3.196033E+00	+7.512125E-02
+3.196840E+00	+7.519035E-02
+3.197144E+00	+7.525592E-02
+3.197042E+00	+7.532148E-02
+3.197346E+00	+7.539310E-02
+3.198555E+00	+7.545462E-02
+3.198355E+00	+7.552573E-02
+3.199263E+00	+7.559079E-02
+3.200171E+00	+7.565535E-02
+3.200371E+00	+7.571990E-02
+3.200270E+00	+7.579152E-02
+3.200876E+00	+7.585506E-02
+3.200977E+00	+7.592113E-02
+3.201986E+00	+7.598922E-02
+3.201380E+00	+7.605528E-02
+3.202288E+00	+7.611933E-02
+3.202187E+00	+7.618994E-02
+3.203499E+00	+7.625601E-02
+3.203094E+00	+7.632358E-02
+3.203901E+00	+7.639117E-02
+3.205112E+00	+7.645370E-02
+3.204205E+00	+7.652633E-02
+3.205315E+00	+7.658786E-02
+3.205214E+00	+7.665443E-02
+3.205517E+00	+7.672403E-02
+3.205214E+00	+7.678858E-02
+3.206324E+00	+7.685263E-02
+3.206121E+00	+7.692626E-02
+3.207232E+00	+7.698981E-02
+3.207836E+00	+7.705487E-02
+3.207735E+00	+7.712346E-02
+3.208139E+00	+7.718801E-02
+3.208643E+00	+7.725408E-02
+3.208845E+00	+7.732620E-02
+3.209148E+00	+7.738823E-02
+3.210358E+00	+7.745481E-02
+3.211468E+00	+7.752289E-02
+3.211164E+00	+7.759148E-02
+3.211367E+00	+7.765805E-02
+3.211468E+00	+7.772260E-02
+3.211367E+00	+7.778918E-02
+3.212879E+00	+7.785373E-02
+3.212980E+00	+7.792333E-02
+3.213587E+00	+7.798637E-02
+3.214695E+00	+7.805244E-02
+3.214495E+00	+7.812103E-02
+3.213587E+00	+7.818760E-02
+3.214293E+00	+7.825316E-02
+3.215099E+00	+7.832276E-02
+3.214796E+00	+7.838833E-02
+3.215805E+00	+7.845238E-02
+3.216108E+00	+7.852247E-02
+3.216209E+00	+7.859006E-02
+3.216713E+00	+7.865109E-02
+3.217117E+00	+7.872270E-02
+3.217319E+00	+7.878625E-02
+3.219437E+00	+7.885534E-02
+3.218731E+00	+7.892241E-02
+3.218529E+00	+7.898545E-02
+3.219740E+00	+7.905757E-02
+3.220850E+00	+7.912112E-02
+3.220749E+00	+7.918769E-02
+3.221151E+00	+7.925477E-02
+3.221354E+00	+7.932185E-02
+3.221455E+00	+7.938640E-02
+3.222261E+00	+7.945650E-02
+3.222363E+00	+7.952458E-02
+3.222565E+00	+7.958864E-02
+3.223673E+00	+7.965621E-02
+3.223774E+00	+7.972178E-02
+3.223976E+00	+7.978583E-02
+3.223875E+00	+7.985543E-02
+3.224482E+00	+7.992049E-02
+3.225086E+00	+7.998756E-02
+3.225288E+00	+8.005565E-02
+3.226297E+00	+8.012071E-02
+3.225792E+00	+8.018576E-02
+3.226902E+00	+8.025537E-02
+3.226801E+00	+8.031841E-02
+3.227507E+00	+8.038447E-02
+3.227608E+00	+8.045407E-02
+3.227911E+00	+8.051963E-02
+3.228516E+00	+8.058520E-02
+3.229221E+00	+8.065732E-02
+3.228819E+00	+8.072036E-02
+3.229525E+00	+8.078492E-02
+3.230635E+00	+8.086006E-02
+3.230837E+00	+8.091906E-02
+3.230635E+00	+8.098715E-02
+3.230837E+00	+8.105524E-02
+3.232046E+00	+8.112181E-02
+3.232450E+00	+8.118536E-02
+3.232653E+00	+8.125646E-02
+3.232853E+00	+8.132052E-02
+3.234468E+00	+8.139213E-02
+3.234367E+00	+8.145719E-02
+3.234669E+00	+8.152225E-02
+3.234871E+00	+8.158983E-02
+3.234871E+00	+8.165690E-02
+3.234468E+00	+8.171995E-02
+3.235678E+00	+8.179156E-02
+3.236788E+00	+8.185863E-02
+3.236788E+00	+8.192168E-02
+3.237595E+00	+8.199077E-02
+3.237091E+00	+8.205533E-02
+3.237494E+00	+8.212241E-02
+3.237999E+00	+8.218998E-02
+3.238098E+00	+8.225605E-02
+3.239208E+00	+8.232414E-02
+3.239309E+00	+8.238970E-02
+3.240015E+00	+8.245628E-02
+3.239714E+00	+8.252234E-02
+3.240822E+00	+8.259144E-02
+3.241327E+00	+8.265750E-02
+3.241327E+00	+8.271903E-02
+3.242235E+00	+8.279367E-02
+3.241631E+00	+8.285520E-02
+3.242638E+00	+8.292228E-02
+3.243143E+00	+8.299188E-02
+3.244152E+00	+8.305693E-02
+3.243647E+00	+8.311947E-02
+3.243647E+00	+8.319260E-02
+3.243849E+00	+8.325715E-02
+3.243143E+00	+8.332372E-02
+3.243748E+00	+8.339131E-02
+3.243849E+00	+8.345687E-02
+3.244555E+00	+8.352143E-02
+3.243647E+00	+8.359153E-02
+3.245060E+00	+8.365659E-02
+3.244757E+00	+8.372165E-02
+3.245161E+00	+8.379073E-02
+3.245262E+00	+8.385630E-02
+3.246370E+00	+8.392640E-02
+3.245766E+00	+8.399146E-02
+3.247078E+00	+8.405803E-02
+3.247078E+00	+8.412915E-02
+3.247278E+00	+8.419219E-02
+3.248287E+00	+8.425624E-02
+3.247986E+00	+8.432634E-02
+3.248388E+00	+8.438989E-02
+3.248388E+00	+8.445595E-02
+3.248489E+00	+8.452757E-02
+3.250103E+00	+8.459666E-02
+3.249800E+00	+8.465718E-02
+3.250204E+00	+8.472829E-02
+3.251112E+00	+8.479235E-02
+3.251818E+00	+8.485740E-02
+3.250910E+00	+8.492902E-02
+3.251213E+00	+8.499155E-02
+3.252222E+00	+8.505914E-02
+3.252726E+00	+8.512722E-02
+3.253231E+00	+8.519328E-02
+3.253633E+00	+8.525734E-02
+3.253231E+00	+8.532844E-02
+3.254541E+00	+8.539048E-02
+3.253836E+00	+8.545705E-02
+3.254744E+00	+8.552615E-02
+3.254744E+00	+8.559171E-02
+3.254946E+00	+8.565728E-02
+3.256256E+00	+8.572738E-02
+3.256155E+00	+8.579395E-02
+3.256256E+00	+8.585799E-02
+3.256357E+00	+8.592860E-02
+3.256762E+00	+8.599266E-02
+3.257467E+00	+8.605721E-02
+3.257164E+00	+8.613034E-02
+3.258678E+00	+8.619439E-02
+3.257872E+00	+8.626550E-02
+3.259081E+00	+8.632854E-02
+3.258780E+00	+8.639310E-02
+3.259485E+00	+8.646320E-02
+3.260494E+00	+8.652876E-02
+3.259989E+00	+8.659382E-02
+3.260595E+00	+8.666493E-02
+3.262108E+00	+8.672696E-02
+3.261602E+00	+8.679253E-02
+3.262411E+00	+8.686817E-02
+3.262915E+00	+8.692819E-02
+3.263117E+00	+8.699476E-02
+3.263721E+00	+8.706285E-02
+3.264025E+00	+8.712690E-02
+3.263823E+00	+8.719347E-02
+3.264427E+00	+8.726307E-02
+3.265034E+00	+8.732864E-02
+3.264832E+00	+8.739470E-02
+3.265537E+00	+8.746278E-02
+3.265638E+00	+8.752885E-02
+3.266243E+00	+8.759189E-02
+3.266243E+00	+8.766200E-02
+3.266243E+00	+8.772705E-02
+3.266949E+00	+8.779262E-02
+3.267252E+00	+8.786473E-02
+3.267757E+00	+8.792727E-02
+3.267958E+00	+8.799385E-02
+3.269169E+00	+8.806193E-02
+3.269169E+00	+8.812951E-02
+3.269169E+00	+8.819255E-02
+3.270380E+00	+8.826265E-02
+3.270380E+00	+8.832973E-02
+3.270884E+00	+8.839379E-02
+3.271488E+00	+8.846287E-02
+3.271589E+00	+8.852844E-02
+3.271690E+00	+8.859299E-02
+3.272396E+00	+8.866411E-02
+3.272800E+00	+8.872815E-02
+3.273104E+00	+8.879876E-02
+3.273607E+00	+8.886331E-02
+3.273809E+00	+8.892737E-02
+3.274515E+00	+8.899797E-02
+3.274818E+00	+8.906202E-02
+3.274717E+00	+8.912557E-02
+3.275221E+00	+8.919668E-02
+3.275322E+00	+8.926123E-02
+3.275726E+00	+8.932680E-02
+3.275322E+00	+8.939892E-02
+3.276533E+00	+8.946549E-02
+3.276432E+00	+8.952802E-02
+3.276533E+00	+8.959661E-02
+3.277239E+00	+8.966319E-02
+3.277542E+00	+8.972673E-02
+3.277643E+00	+8.979835E-02
+3.278954E+00	+8.986089E-02
+3.279257E+00	+8.992796E-02
+3.279558E+00	+8.999605E-02
+3.278852E+00	+9.006211E-02
+3.279558E+00	+9.012667E-02
+3.280769E+00	+9.019728E-02
+3.280769E+00	+9.026183E-02
+3.281475E+00	+9.032740E-02
+3.281275E+00	+9.039447E-02
+3.282383E+00	+9.046105E-02
+3.282787E+00	+9.052408E-02
+3.282585E+00	+9.059872E-02
+3.283493E+00	+9.066076E-02
+3.282990E+00	+9.072531E-02
+3.284502E+00	+9.079643E-02
+3.284704E+00	+9.086098E-02
+3.284906E+00	+9.092755E-02
+3.285713E+00	+9.099916E-02
+3.285309E+00	+9.106120E-02
+3.285612E+00	+9.112474E-02
+3.286922E+00	+9.119737E-02
+3.287125E+00	+9.125940E-02
+3.287226E+00	+9.133102E-02
+3.286621E+00	+9.139507E-02
+3.287226E+00	+9.146063E-02
+3.288134E+00	+9.152922E-02
+3.288839E+00	+9.159680E-02
+3.288134E+00	+9.165984E-02
+3.288839E+00	+9.172944E-02
+3.289143E+00	+9.179399E-02
+3.289143E+00	+9.186006E-02
+3.290051E+00	+9.192815E-02
+3.290453E+00	+9.199321E-02
+3.290152E+00	+9.205978E-02
+3.291563E+00	+9.212887E-02
+3.291462E+00	+9.219393E-02
+3.292471E+00	+9.226152E-02
+3.292673E+00	+9.233010E-02
+3.293783E+00	+9.239516E-02
+3.293379E+00	+9.246022E-02
+3.293581E+00	+9.252780E-02
+3.294186E+00	+9.259336E-02
+3.294388E+00	+9.266145E-02
+3.295094E+00	+9.273004E-02
+3.295296E+00	+9.279358E-02
+3.295599E+00	+9.285965E-02
+3.295799E+00	+9.292975E-02
+3.296305E+00	+9.299532E-02
+3.295900E+00	+9.306037E-02
+3.296305E+00	+9.313149E-02
+3.297213E+00	+9.319705E-02
+3.297010E+00	+9.326261E-02
+3.297516E+00	+9.332818E-02
+3.298424E+00	+9.339526E-02
+3.299129E+00	+9.346081E-02
+3.299231E+00	+9.353142E-02
+3.299332E+00	+9.359396E-02
+3.299633E+00	+9.365851E-02
+3.300642E+00	+9.373013E-02
+3.301046E+00	+9.379519E-02
+3.301348E+00	+9.386478E-02
+3.301247E+00	+9.392833E-02
+3.301752E+00	+9.399389E-02
+3.302256E+00	+9.406349E-02
+3.303164E+00	+9.413107E-02
+3.303467E+00	+9.419613E-02
+3.303467E+00	+9.426422E-02
+3.304071E+00	+9.433129E-02
+3.304878E+00	+9.439585E-02
+3.304979E+00	+9.446394E-02
+3.304979E+00	+9.453101E-02
+3.306190E+00	+9.459506E-02
+3.305080E+00	+9.466617E-02
+3.305685E+00	+9.473022E-02
+3.306593E+00	+9.479629E-02
+3.307199E+00	+9.486488E-02
+3.306997E+00	+9.493145E-02
+3.307501E+00	+9.499500E-02
+3.307905E+00	+9.506611E-02
+3.308107E+00	+9.513016E-02
+3.308409E+00	+9.519673E-02
+3.309317E+00	+9.526835E-02
+3.309217E+00	+9.533139E-02
+3.309923E+00	+9.539695E-02
+3.310125E+00	+9.546705E-02
+3.311132E+00	+9.553211E-02
+3.311436E+00	+9.559868E-02
+3.311638E+00	+9.566778E-02
+3.311436E+00	+9.573082E-02
+3.312040E+00	+9.579688E-02
+3.313353E+00	+9.586749E-02
+3.313049E+00	+9.593053E-02
+3.313150E+00	+9.599761E-02
+3.314058E+00	+9.606671E-02
+3.314865E+00	+9.613176E-02
+3.315472E+00	+9.619834E-02
+3.315168E+00	+9.626591E-02
+3.316177E+00	+9.633248E-02
+3.316481E+00	+9.640057E-02
+3.316380E+00	+9.646765E-02
+3.316681E+00	+9.653170E-02
+3.316984E+00	+9.660129E-02
+3.317892E+00	+9.666938E-02
+3.317791E+00	+9.673343E-02
+3.317791E+00	+9.680253E-02
+3.319202E+00	+9.686607E-02
+3.319304E+00	+9.693466E-02
+3.320313E+00	+9.700325E-02
+3.319809E+00	+9.706982E-02
+3.319506E+00	+9.713437E-02
+3.321321E+00	+9.720549E-02
+3.321423E+00	+9.726702E-02
+3.320818E+00	+9.733258E-02
+3.322432E+00	+9.740167E-02
+3.322330E+00	+9.746875E-02
+3.322735E+00	+9.753330E-02
+3.322634E+00	+9.760240E-02
+3.324045E+00	+9.766796E-02
+3.324045E+00	+9.773151E-02
+3.324953E+00	+9.780362E-02
+3.324650E+00	+9.786768E-02
+3.325659E+00	+9.793273E-02
+3.325760E+00	+9.800183E-02
+3.326567E+00	+9.806739E-02
+3.326265E+00	+9.813195E-02
+3.327980E+00	+9.820457E-02
+3.327576E+00	+9.826862E-02
+3.327778E+00	+9.833519E-02
+3.328182E+00	+9.840227E-02
+3.329090E+00	+9.847035E-02
+3.328888E+00	+9.853441E-02
+3.329290E+00	+9.860451E-02
+3.330400E+00	+9.866755E-02
+3.330400E+00	+9.873412E-02
+3.331005E+00	+9.880473E-02
+3.330704E+00	+9.886979E-02
+3.331207E+00	+9.894140E-02
+3.332216E+00	+9.900293E-02
+3.331913E+00	+9.906900E-02
+3.332520E+00	+9.913910E-02
+3.333931E+00	+9.920315E-02
+3.333326E+00	+9.926922E-02
+3.333225E+00	+9.933781E-02
+3.333729E+00	+9.940438E-02
+3.335646E+00	+9.946842E-02
+3.335848E+00	+9.953803E-02
+3.336554E+00	+9.960561E-02
+3.335949E+00	+9.967369E-02
+3.336857E+00	+9.973976E-02
+3.337664E+00	+9.980381E-02
+3.337765E+00	+9.986937E-02
+3.338976E+00	+9.993947E-02
+3.338268E+00	+1.000045E-01

