[0, 0, 0]
Voltage_1 (1)	Current_1 (1)
-4.998601E+00	-2.126903E-04
-4.949245E+00	-2.118911E-04
-4.899418E+00	-2.112452E-04
-4.848549E+00	-2.105654E-04
-4.798529E+00	-2.099679E-04
-4.748183E+00	-2.092429E-04
-4.697849E+00	-2.085784E-04
-4.647632E+00	-2.078819E-04
-4.597447E+00	-2.072542E-04
-4.546863E+00	-2.065779E-04
-4.496425E+00	-2.060290E-04
-4.446439E+00	-2.053326E-04
-4.395777E+00	-2.046711E-04
-4.345884E+00	-2.039346E-04
-4.295069E+00	-2.033069E-04
-4.245326E+00	-2.027381E-04
-4.195183E+00	-2.021289E-04
-4.144838E+00	-2.013888E-04
-4.094727E+00	-2.007861E-04
-4.043475E+00	-2.001670E-04
-3.994111E+00	-1.995967E-04
-3.943915E+00	-1.990102E-04
-3.894199E+00	-1.985127E-04
-3.843181E+00	-1.979051E-04
-3.793000E+00	-1.972689E-04
-3.742342E+00	-1.966846E-04
-3.692804E+00	-1.961761E-04
-3.641924E+00	-1.955351E-04
-3.591709E+00	-1.949778E-04
-3.541854E+00	-1.943624E-04
-3.491651E+00	-1.938567E-04
-3.441681E+00	-1.932509E-04
-3.391592E+00	-1.927556E-04
-3.340842E+00	-1.921011E-04
-3.291149E+00	-1.915391E-04
-3.240452E+00	-1.909934E-04
-3.190835E+00	-1.904501E-04
-3.139557E+00	-1.899462E-04
-3.090145E+00	-1.894381E-04
-3.039773E+00	-1.888637E-04
-2.989930E+00	-1.883451E-04
-2.939038E+00	-1.877520E-04
-2.889269E+00	-1.872228E-04
-2.838960E+00	-1.867486E-04
-2.787973E+00	-1.862511E-04
-2.738725E+00	-1.856681E-04
-2.688414E+00	-1.851299E-04
-2.637989E+00	-1.846581E-04
-2.588126E+00	-1.841733E-04
-2.537481E+00	-1.835940E-04
-2.487314E+00	-1.830793E-04
-2.436868E+00	-1.826111E-04
-2.386580E+00	-1.821372E-04
-2.336178E+00	-1.816746E-04
-2.285933E+00	-1.812114E-04
-2.235286E+00	-1.806727E-04
-2.185603E+00	-1.802830E-04
-2.135284E+00	-1.797650E-04
-2.084872E+00	-1.793047E-04
-2.034393E+00	-1.787883E-04
-1.984250E+00	-1.784057E-04
-1.933804E+00	-1.778670E-04
-1.883333E+00	-1.773606E-04
-1.833417E+00	-1.769355E-04
-1.782914E+00	-1.765018E-04
-1.732526E+00	-1.761401E-04
-1.682423E+00	-1.756560E-04
-1.631599E+00	-1.751553E-04
-1.582172E+00	-1.747628E-04
-1.531297E+00	-1.743282E-04
-1.481306E+00	-1.738644E-04
-1.430794E+00	-1.733802E-04
-1.381019E+00	-1.729304E-04
-1.330416E+00	-1.724552E-04
-1.279766E+00	-1.719920E-04
-1.229723E+00	-1.715590E-04
-1.179449E+00	-1.710867E-04
-1.129424E+00	-1.706413E-04
-1.079272E+00	-1.702271E-04
-1.028506E+00	-1.697461E-04
-9.786813E-01	-1.692856E-04
-9.282347E-01	-1.688828E-04
-8.782786E-01	-1.683615E-04
-8.279604E-01	-1.678383E-04
-7.780997E-01	-1.673811E-04
-7.273568E-01	-1.668035E-04
-6.773518E-01	-1.663497E-04
-6.270791E-01	-1.657740E-04
-5.768290E-01	-1.651685E-04
-5.263779E-01	-1.646083E-04
-4.767233E-01	-1.639888E-04
-4.254951E-01	-1.634191E-04
-3.767326E-01	-1.626910E-04
-3.255983E-01	-1.620695E-04
-2.753627E-01	-1.614101E-04
-2.252105E-01	-1.607605E-04
-1.758688E-01	-1.600404E-04
-1.253273E-01	-1.593558E-04
-7.447819E-02	-1.586120E-04
-2.393065E-02	-1.579310E-04
+2.348686E-02	-1.571330E-04
+7.382949E-02	-1.563438E-04
+1.241688E-01	-1.555899E-04
+1.736942E-01	-1.548473E-04
+2.245522E-01	-1.538906E-04
+2.756026E-01	-1.529202E-04
+3.246309E-01	-1.519673E-04
+3.751654E-01	-1.509316E-04
+4.248870E-01	-1.498241E-04
+4.761574E-01	-1.485375E-04
+5.260954E-01	-1.471982E-04
+5.763221E-01	-1.456591E-04
+6.258553E-01	-1.438718E-04
+6.765149E-01	-1.419218E-04
+7.266547E-01	-1.398173E-04
+7.768828E-01	-1.372776E-04
+8.265846E-01	-1.347196E-04
+8.776794E-01	-1.318070E-04
+9.285481E-01	-1.287088E-04
+9.782697E-01	-1.251320E-04
+1.027427E+00	-1.214327E-04
+1.077962E+00	-1.173098E-04
+1.128681E+00	-1.128563E-04
+1.178648E+00	-1.078896E-04
+1.228527E+00	-1.025477E-04
+1.278544E+00	-9.642630E-05
+1.328826E+00	-9.024094E-05
+1.379033E+00	-8.342980E-05
+1.429823E+00	-7.610550E-05
+1.480616E+00	-6.801886E-05
+1.530090E+00	-5.929761E-05
+1.581251E+00	-4.988322E-05
+1.630974E+00	-3.986551E-05
+1.681471E+00	-2.897890E-05
+1.731110E+00	-1.731506E-05
+1.782012E+00	-4.463587E-06
+1.831502E+00	+8.821268E-06
+1.882781E+00	+2.406182E-05
+1.932353E+00	+3.949424E-05
+1.983310E+00	+5.635531E-05
+2.033183E+00	+7.455383E-05
+2.084499E+00	+9.431405E-05
+2.134152E+00	+1.158950E-04
+2.184798E+00	+1.391792E-04
+2.234261E+00	+1.640440E-04
+2.284409E+00	+1.913220E-04
+2.334981E+00	+2.215138E-04
+2.385804E+00	+2.540339E-04
+2.435968E+00	+2.893416E-04
+2.486249E+00	+3.281568E-04
+2.535459E+00	+3.710575E-04
+2.586952E+00	+4.173484E-04
+2.637214E+00	+4.677604E-04
+2.686640E+00	+5.229153E-04
+2.737292E+00	+5.843652E-04
+2.787712E+00	+6.505661E-04
+2.837131E+00	+7.219884E-04
+2.888169E+00	+8.017741E-04
+2.937851E+00	+8.895855E-04
+2.988572E+00	+9.840665E-04
+3.038736E+00	+1.088652E-03
+3.089530E+00	+1.202360E-03
+3.138434E+00	+1.326571E-03
+3.189127E+00	+1.462785E-03
+3.239523E+00	+1.611717E-03
+3.289987E+00	+1.776021E-03
+3.339978E+00	+1.956638E-03
+3.389376E+00	+2.153484E-03
+3.440672E+00	+2.369244E-03
+3.490717E+00	+2.608259E-03
+3.541042E+00	+2.870428E-03
+3.591413E+00	+3.159698E-03
+3.640338E+00	+3.474677E-03
+3.690416E+00	+3.826343E-03
+3.740714E+00	+4.212483E-03
+3.792377E+00	+4.645986E-03
+3.841493E+00	+5.117855E-03
+3.892626E+00	+5.646401E-03
+3.943366E+00	+6.234273E-03
+3.993240E+00	+6.892268E-03
+4.042944E+00	+7.620318E-03
+4.093455E+00	+8.437591E-03
+4.143963E+00	+9.353011E-03
+4.175911E+00	+9.999197E-03
+4.175138E+00	+9.999035E-03
+4.175238E+00	+9.999379E-03
+4.174566E+00	+9.999519E-03
+4.174263E+00	+9.999217E-03
+4.173960E+00	+9.999268E-03
+4.174466E+00	+1.000004E-02
+4.172884E+00	+9.998611E-03
+4.173557E+00	+9.999610E-03
+4.173187E+00	+9.999247E-03
+4.173120E+00	+9.999681E-03
+4.172043E+00	+9.998824E-03
+4.171808E+00	+9.998794E-03
+4.171472E+00	+9.998753E-03
+4.172414E+00	+1.000007E-02
+4.171068E+00	+9.998662E-03
+4.171438E+00	+9.999166E-03

