[0, 0, 0]
Voltage_1 (1)	Current_1 (1)
-4.999429E+00	-4.316924E-04
-4.948619E+00	-4.313032E-04
-4.898879E+00	-4.314945E-04
-4.849027E+00	-4.321815E-04
-4.798505E+00	-4.323860E-04
-4.747818E+00	-4.326695E-04
-4.698253E+00	-4.327543E-04
-4.647136E+00	-4.331533E-04
-4.596539E+00	-4.341513E-04
-4.546487E+00	-4.356512E-04
-4.496942E+00	-4.358471E-04
-4.446344E+00	-4.353682E-04
-4.396216E+00	-4.348812E-04
-4.345546E+00	-4.345924E-04
-4.295472E+00	-4.339751E-04
-4.245595E+00	-4.335181E-04
-4.195284E+00	-4.332195E-04
-4.144940E+00	-4.316835E-04
-4.094694E+00	-4.301739E-04
-4.043700E+00	-4.286256E-04
-3.993868E+00	-4.271445E-04
-3.943607E+00	-4.251061E-04
-3.893240E+00	-4.233149E-04
-3.842971E+00	-4.218462E-04
-3.792578E+00	-4.207001E-04
-3.742301E+00	-4.191259E-04
-3.692317E+00	-4.181559E-04
-3.641407E+00	-4.168149E-04
-3.591767E+00	-4.152843E-04
-3.541219E+00	-4.136128E-04
-3.491461E+00	-4.128323E-04
-3.440856E+00	-4.121359E-04
-3.391088E+00	-4.115686E-04
-3.340613E+00	-4.114294E-04
-3.290623E+00	-4.111591E-04
-3.240452E+00	-4.107731E-04
-3.190432E+00	-4.099476E-04
-3.140036E+00	-4.093217E-04
-3.090069E+00	-4.085361E-04
-3.039194E+00	-4.075309E-04
-2.989272E+00	-4.066260E-04
-2.938451E+00	-4.062134E-04
-2.889858E+00	-4.061098E-04
-2.838644E+00	-4.060590E-04
-2.788029E+00	-4.058672E-04
-2.737940E+00	-4.056693E-04
-2.688673E+00	-4.054080E-04
-2.637506E+00	-4.051392E-04
-2.587942E+00	-4.046312E-04
-2.537518E+00	-4.032450E-04
-2.487072E+00	-4.016954E-04
-2.436748E+00	-4.001670E-04
-2.386158E+00	-3.987871E-04
-2.335793E+00	-3.971728E-04
-2.285750E+00	-3.960550E-04
-2.234990E+00	-3.951848E-04
-2.185498E+00	-3.941280E-04
-2.134428E+00	-3.927604E-04
-2.084805E+00	-3.918082E-04
-2.034172E+00	-3.910348E-04
-1.984398E+00	-3.905502E-04
-1.933773E+00	-3.904488E-04
-1.883379E+00	-3.904401E-04
-1.832972E+00	-3.905231E-04
-1.782524E+00	-3.906490E-04
-1.732526E+00	-3.904702E-04
-1.682080E+00	-3.905810E-04
-1.631928E+00	-3.910713E-04
-1.581693E+00	-3.915527E-04
-1.531260E+00	-3.922254E-04
-1.481864E+00	-3.919478E-04
-1.430480E+00	-3.914281E-04
-1.380639E+00	-3.910656E-04
-1.330261E+00	-3.912877E-04
-1.279686E+00	-3.911538E-04
-1.229622E+00	-3.910518E-04
-1.179651E+00	-3.906295E-04
-1.128736E+00	-3.901336E-04
-1.078758E+00	-3.899095E-04
-1.028034E+00	-3.896017E-04
-9.783170E-01	-3.893645E-04
-9.274424E-01	-3.886502E-04
-8.779103E-01	-3.879283E-04
-8.278329E-01	-3.869611E-04
-7.781757E-01	-3.853709E-04
-7.270657E-01	-3.832780E-04
-6.771283E-01	-3.815340E-04
-6.275434E-01	-3.801369E-04
-5.767051E-01	-3.788693E-04
-5.261887E-01	-3.779945E-04
-4.770222E-01	-3.769682E-04
-4.258919E-01	-3.759090E-04
-3.760474E-01	-3.745668E-04
-3.250990E-01	-3.729889E-04
-2.755448E-01	-3.720163E-04
-2.251150E-01	-3.709528E-04
-1.749745E-01	-3.697735E-04
-1.251245E-01	-3.682422E-04
-7.447875E-02	-3.665595E-04
-2.443511E-02	-3.646253E-04
+2.318421E-02	-3.621943E-04
+7.352493E-02	-3.602703E-04
+1.234678E-01	-3.584269E-04
+1.741107E-01	-3.561857E-04
+2.244513E-01	-3.542092E-04
+2.750176E-01	-3.527574E-04
+3.244185E-01	-3.512374E-04
+3.750737E-01	-3.500857E-04
+4.252174E-01	-3.498519E-04
+4.758586E-01	-3.489831E-04
+5.259860E-01	-3.480634E-04
+5.762447E-01	-3.472036E-04
+6.261835E-01	-3.464433E-04
+6.776962E-01	-3.456936E-04
+7.263579E-01	-3.445474E-04
+7.763847E-01	-3.435249E-04
+8.264031E-01	-3.424543E-04
+8.772902E-01	-3.415646E-04
+9.273148E-01	-3.405421E-04
+9.780600E-01	-3.390518E-04
+1.027712E+00	-3.376324E-04
+1.078440E+00	-3.353966E-04
+1.128195E+00	-3.320891E-04
+1.178850E+00	-3.278524E-04
+1.228567E+00	-3.226260E-04
+1.278899E+00	-3.170097E-04
+1.329071E+00	-3.103512E-04
+1.379033E+00	-3.027265E-04
+1.429508E+00	-2.941597E-04
+1.480289E+00	-2.855372E-04
+1.530341E+00	-2.765774E-04
+1.579888E+00	-2.666538E-04
+1.630623E+00	-2.563071E-04
+1.681672E+00	-2.455073E-04
+1.731799E+00	-2.341569E-04
+1.782257E+00	-2.217025E-04
+1.832010E+00	-2.084626E-04
+1.882912E+00	-1.940983E-04
+1.932548E+00	-1.786063E-04
+1.982874E+00	-1.614264E-04
+2.032411E+00	-1.426349E-04
+2.083742E+00	-1.221554E-04
+2.132804E+00	-1.000087E-04
+2.184109E+00	-7.432355E-05
+2.233364E+00	-4.867886E-05
+2.283923E+00	-2.056081E-05
+2.334597E+00	+1.003950E-05
+2.385122E+00	+4.420301E-05
+2.435668E+00	+7.997065E-05
+2.485463E+00	+1.196317E-04
+2.536189E+00	+1.613156E-04
+2.586994E+00	+2.072515E-04
+2.636587E+00	+2.568307E-04
+2.686950E+00	+3.117118E-04
+2.737515E+00	+3.722675E-04
+2.787903E+00	+4.388791E-04
+2.836549E+00	+5.105767E-04
+2.888084E+00	+5.920115E-04
+2.937904E+00	+6.784404E-04
+2.988116E+00	+7.743311E-04
+3.038558E+00	+8.778576E-04
+3.088447E+00	+9.947241E-04
+3.138763E+00	+1.120363E-03
+3.189333E+00	+1.258274E-03
+3.239094E+00	+1.410080E-03
+3.289302E+00	+1.575119E-03
+3.339877E+00	+1.754863E-03
+3.390145E+00	+1.953829E-03
+3.439882E+00	+2.173110E-03
+3.490083E+00	+2.412421E-03
+3.540063E+00	+2.672609E-03
+3.590720E+00	+2.961532E-03
+3.641078E+00	+3.282102E-03
+3.690636E+00	+3.632012E-03
+3.741268E+00	+4.018194E-03
+3.792065E+00	+4.451279E-03
+3.842083E+00	+4.928989E-03
+3.892153E+00	+5.456625E-03
+3.941794E+00	+6.040824E-03
+3.991905E+00	+6.699746E-03
+4.042876E+00	+7.431466E-03
+4.093117E+00	+8.246846E-03
+4.142922E+00	+9.154344E-03
+4.185058E+00	+9.999106E-03
+4.184150E+00	+9.998864E-03
+4.185092E+00	+9.999237E-03
+4.183443E+00	+9.998369E-03
+4.183040E+00	+9.998420E-03
+4.184083E+00	+9.999187E-03
+4.183444E+00	+9.999308E-03
+4.183646E+00	+9.999348E-03
+4.182805E+00	+9.998834E-03
+4.182536E+00	+9.998764E-03
+4.182772E+00	+9.999339E-03
+4.182233E+00	+9.999258E-03
+4.181728E+00	+9.998813E-03
+4.181964E+00	+9.998995E-03
+4.181662E+00	+9.998945E-03
+4.181561E+00	+9.998945E-03
+4.181056E+00	+9.998702E-03

