[0, 0, 0]
Voltage_1 (1)	Current_1 (1)
-1.015439E+00	+5.280599E-07
+2.286665E+00	+6.286427E-07
+2.429399E+00	+9.808689E-06
+2.443420E+00	+1.480244E-05
+2.453306E+00	+1.979526E-05
+2.460569E+00	+2.488960E-05
+2.466520E+00	+2.963096E-05
+2.471867E+00	+3.487617E-05
+2.476204E+00	+3.997050E-05
+2.480139E+00	+4.496425E-05
+2.483669E+00	+5.015917E-05
+2.486795E+00	+5.484931E-05
+2.489418E+00	+5.989335E-05
+2.492344E+00	+6.498769E-05
+2.494764E+00	+6.993022E-05
+2.497286E+00	+7.512514E-05
+2.499304E+00	+7.981621E-05
+2.501423E+00	+8.491054E-05
+2.502834E+00	+8.995458E-05
+2.505054E+00	+9.504799E-05
+2.507071E+00	+1.000920E-04
+2.508383E+00	+1.048837E-04
+2.510601E+00	+1.099780E-04
+2.511812E+00	+1.148703E-04
+2.513224E+00	+1.198137E-04
+2.515343E+00	+1.250589E-04
+2.515846E+00	+1.300015E-04
+2.517965E+00	+1.350455E-04
+2.518570E+00	+1.399880E-04
+2.520285E+00	+1.449315E-04
+2.521193E+00	+1.500761E-04
+2.522303E+00	+1.551202E-04
+2.523514E+00	+1.602648E-04
+2.524925E+00	+1.651067E-04
+2.525631E+00	+1.700493E-04
+2.526539E+00	+1.750430E-04
+2.527750E+00	+1.805406E-04
+2.528961E+00	+1.852307E-04
+2.529566E+00	+1.900224E-04
+2.530575E+00	+1.950664E-04
+2.531784E+00	+2.000090E-04
+2.532492E+00	+2.052048E-04
+2.533501E+00	+2.098950E-04
+2.534105E+00	+2.150396E-04
+2.535114E+00	+2.199318E-04
+2.536123E+00	+2.251277E-04
+2.536930E+00	+2.303729E-04
+2.537838E+00	+2.350640E-04
+2.538946E+00	+2.403595E-04
+2.539351E+00	+2.450505E-04
+2.540157E+00	+2.501439E-04
+2.540661E+00	+2.551377E-04
+2.541569E+00	+2.600802E-04
+2.542477E+00	+2.651243E-04
+2.543486E+00	+2.701180E-04
+2.543587E+00	+2.749600E-04
+2.544596E+00	+2.802052E-04
+2.545301E+00	+2.850974E-04
+2.546209E+00	+2.902420E-04
+2.546816E+00	+2.951352E-04
+2.547421E+00	+3.000777E-04
+2.548025E+00	+3.052223E-04
+2.549337E+00	+3.100643E-04
+2.549236E+00	+3.151083E-04
+2.549942E+00	+3.203033E-04
+2.550850E+00	+3.253473E-04
+2.551758E+00	+3.301892E-04
+2.551859E+00	+3.350815E-04
+2.553270E+00	+3.402261E-04
+2.553169E+00	+3.449172E-04
+2.553574E+00	+3.501121E-04
+2.554380E+00	+3.550043E-04
+2.554884E+00	+3.600484E-04
+2.555792E+00	+3.650412E-04
+2.556398E+00	+3.702361E-04
+2.556902E+00	+3.750790E-04
+2.557306E+00	+3.802236E-04
+2.557608E+00	+3.851661E-04
+2.558718E+00	+3.900584E-04
+2.559021E+00	+3.951024E-04
+2.559727E+00	+4.001465E-04
+2.560030E+00	+4.052911E-04
+2.560837E+00	+4.105363E-04
+2.561138E+00	+4.150756E-04
+2.562046E+00	+4.203208E-04
+2.562248E+00	+4.252139E-04
+2.562551E+00	+4.303083E-04
+2.563156E+00	+4.351502E-04
+2.563662E+00	+4.402436E-04
+2.564266E+00	+4.450865E-04
+2.564871E+00	+4.501799E-04
+2.565275E+00	+4.550219E-04
+2.565678E+00	+4.602177E-04
+2.566082E+00	+4.651602E-04
+2.566687E+00	+4.702043E-04
+2.567595E+00	+4.751468E-04
+2.567696E+00	+4.801909E-04
+2.568199E+00	+4.852852E-04
+2.568806E+00	+4.904298E-04
+2.569714E+00	+4.952718E-04
+2.569714E+00	+5.007191E-04
+2.570723E+00	+5.056616E-04
+2.570520E+00	+5.106553E-04
+2.571024E+00	+5.157497E-04
+2.571529E+00	+5.207928E-04
+2.572235E+00	+5.260389E-04
+2.572336E+00	+5.308306E-04
+2.572739E+00	+5.355710E-04
+2.573244E+00	+5.408674E-04
+2.573647E+00	+5.456591E-04
+2.574453E+00	+5.506519E-04
+2.574554E+00	+5.556960E-04
+2.575161E+00	+5.607903E-04
+2.575563E+00	+5.657328E-04
+2.575766E+00	+5.706763E-04
+2.576269E+00	+5.757194E-04
+2.577076E+00	+5.807634E-04
+2.576876E+00	+5.857572E-04
+2.577581E+00	+5.906494E-04
+2.577784E+00	+5.957941E-04
+2.577984E+00	+6.009387E-04
+2.578793E+00	+6.056288E-04
+2.579094E+00	+6.109253E-04
+2.579397E+00	+6.157672E-04
+2.579800E+00	+6.206594E-04
+2.580507E+00	+6.257035E-04
+2.580708E+00	+6.307978E-04
+2.581415E+00	+6.359927E-04
+2.581818E+00	+6.407844E-04
+2.582222E+00	+6.457781E-04
+2.582422E+00	+6.507207E-04
+2.582726E+00	+6.556632E-04
+2.583431E+00	+6.607072E-04
+2.583633E+00	+6.658016E-04
+2.584038E+00	+6.709965E-04
+2.584339E+00	+6.759390E-04
+2.584541E+00	+6.807819E-04
+2.584946E+00	+6.856741E-04
+2.585854E+00	+6.908188E-04
+2.585752E+00	+6.956607E-04
+2.585752E+00	+7.009059E-04
+2.586559E+00	+7.057982E-04
+2.586861E+00	+7.107919E-04
+2.587467E+00	+7.158360E-04
+2.587769E+00	+7.207282E-04
+2.588173E+00	+7.257722E-04
+2.588879E+00	+7.307148E-04
+2.588676E+00	+7.356070E-04
+2.589384E+00	+7.408019E-04
+2.589685E+00	+7.456951E-04
+2.589888E+00	+7.506879E-04
+2.590191E+00	+7.556314E-04
+2.590492E+00	+7.607248E-04
+2.590998E+00	+7.657688E-04
+2.591501E+00	+7.709134E-04
+2.591805E+00	+7.756548E-04
+2.592207E+00	+7.806476E-04
+2.592510E+00	+7.858435E-04
+2.592813E+00	+7.906351E-04
+2.593317E+00	+7.956782E-04
+2.594023E+00	+8.006217E-04
+2.594326E+00	+8.057160E-04
+2.593822E+00	+8.107591E-04
+2.594730E+00	+8.155508E-04
+2.594931E+00	+8.205445E-04
+2.595133E+00	+8.256389E-04
+2.595234E+00	+8.307835E-04
+2.595638E+00	+8.355752E-04
+2.596344E+00	+8.406183E-04
+2.596445E+00	+8.457126E-04
+2.596848E+00	+8.507064E-04
+2.597252E+00	+8.556992E-04
+2.597654E+00	+8.605914E-04
+2.597857E+00	+8.656355E-04
+2.598160E+00	+8.705277E-04
+2.598261E+00	+8.756220E-04
+2.598866E+00	+8.804640E-04
+2.599268E+00	+8.855583E-04
+2.599470E+00	+8.905018E-04
+2.599773E+00	+8.956967E-04
+2.600077E+00	+9.006392E-04
+2.600277E+00	+9.056330E-04
+2.600883E+00	+9.106258E-04
+2.600985E+00	+9.155180E-04
+2.601387E+00	+9.209150E-04
+2.601488E+00	+9.256564E-04
+2.601892E+00	+9.305486E-04
+2.602093E+00	+9.355424E-04
+2.602497E+00	+9.405352E-04
+2.602900E+00	+9.455793E-04
+2.603304E+00	+9.505730E-04
+2.603607E+00	+9.555155E-04
+2.603909E+00	+9.607105E-04
+2.604414E+00	+9.656027E-04
+2.604414E+00	+9.704456E-04
+2.604816E+00	+9.755390E-04
+2.605019E+00	+9.803306E-04
+2.605322E+00	+9.855255E-04
+2.605927E+00	+9.905696E-04
+2.605825E+00	+9.953110E-04
+2.606331E+00	+1.000506E-03
+2.606632E+00	+1.005449E-03
+2.606733E+00	+1.010543E-03
+2.607037E+00	+1.015637E-03
+2.607540E+00	+1.020581E-03
+2.607944E+00	+1.025473E-03
+2.608145E+00	+1.030517E-03
+2.608448E+00	+1.035712E-03
+2.608751E+00	+1.040402E-03
+2.609053E+00	+1.045446E-03
+2.609255E+00	+1.050540E-03
+2.609659E+00	+1.055584E-03
+2.609861E+00	+1.060376E-03
+2.610163E+00	+1.065419E-03
+2.610567E+00	+1.070363E-03
+2.610466E+00	+1.075507E-03
+2.610868E+00	+1.080349E-03
+2.611172E+00	+1.085342E-03
+2.611273E+00	+1.090436E-03
+2.612785E+00	+1.095631E-03
+2.612282E+00	+1.100473E-03
+2.612684E+00	+1.105417E-03
+2.612988E+00	+1.110409E-03
+2.612886E+00	+1.115403E-03
+2.613392E+00	+1.120447E-03
+2.613895E+00	+1.125440E-03
+2.613997E+00	+1.130534E-03
+2.614500E+00	+1.135276E-03
+2.614601E+00	+1.140370E-03
+2.614904E+00	+1.145413E-03
+2.615107E+00	+1.150357E-03
+2.615208E+00	+1.155501E-03
+2.615711E+00	+1.160293E-03
+2.615913E+00	+1.165538E-03
+2.616316E+00	+1.170330E-03
+2.616215E+00	+1.175525E-03
+2.616619E+00	+1.180569E-03
+2.617628E+00	+1.185663E-03
+2.617123E+00	+1.190505E-03
+2.617830E+00	+1.195297E-03
+2.617929E+00	+1.200391E-03
+2.618031E+00	+1.205737E-03
+2.618435E+00	+1.210327E-03
+2.619141E+00	+1.215472E-03
+2.618637E+00	+1.220263E-03
+2.619343E+00	+1.225307E-03
+2.619444E+00	+1.230451E-03
+2.619745E+00	+1.235344E-03
+2.620049E+00	+1.240287E-03
+2.620754E+00	+1.245381E-03
+2.621058E+00	+1.250223E-03
+2.620855E+00	+1.255318E-03
+2.621159E+00	+1.260260E-03
+2.621864E+00	+1.265152E-03
+2.621561E+00	+1.270196E-03
+2.622570E+00	+1.275492E-03
+2.622368E+00	+1.280688E-03
+2.622570E+00	+1.285277E-03
+2.622570E+00	+1.290270E-03
+2.622974E+00	+1.295667E-03
+2.623276E+00	+1.300258E-03
+2.623680E+00	+1.305402E-03
+2.623680E+00	+1.310294E-03
+2.623882E+00	+1.315136E-03
+2.624285E+00	+1.320533E-03
+2.624386E+00	+1.325325E-03
+2.624790E+00	+1.330217E-03
+2.624990E+00	+1.335463E-03
+2.624990E+00	+1.340305E-03
+2.625799E+00	+1.345349E-03
+2.626101E+00	+1.350291E-03
+2.626202E+00	+1.355235E-03
+2.627008E+00	+1.360329E-03
+2.626907E+00	+1.365524E-03
+2.626806E+00	+1.370517E-03
+2.626907E+00	+1.375308E-03
+2.627312E+00	+1.380352E-03
+2.627916E+00	+1.385295E-03
+2.627815E+00	+1.390289E-03
+2.628017E+00	+1.395131E-03
+2.628321E+00	+1.400376E-03
+2.629429E+00	+1.405319E-03
+2.629530E+00	+1.410362E-03
+2.629229E+00	+1.415255E-03
+2.629330E+00	+1.420198E-03
+2.629732E+00	+1.425343E-03
+2.630136E+00	+1.430437E-03
+2.630136E+00	+1.435431E-03
+2.630337E+00	+1.440273E-03
+2.631548E+00	+1.445215E-03
+2.630842E+00	+1.450460E-03
+2.631044E+00	+1.455302E-03
+2.631245E+00	+1.460447E-03
+2.631750E+00	+1.465390E-03
+2.632153E+00	+1.470333E-03
+2.632254E+00	+1.475780E-03
+2.632456E+00	+1.480421E-03
+2.633060E+00	+1.485313E-03
+2.632961E+00	+1.490508E-03
+2.633162E+00	+1.495502E-03
+2.633263E+00	+1.500898E-03
+2.633867E+00	+1.505942E-03
+2.634069E+00	+1.510886E-03
+2.633968E+00	+1.516131E-03
+2.634171E+00	+1.521073E-03
+2.634775E+00	+1.526067E-03
+2.634977E+00	+1.531010E-03
+2.635078E+00	+1.535852E-03
+2.635382E+00	+1.540845E-03
+2.635584E+00	+1.545940E-03
+2.636591E+00	+1.550983E-03
+2.636189E+00	+1.556127E-03
+2.636591E+00	+1.561121E-03
+2.636995E+00	+1.566013E-03
+2.636995E+00	+1.570957E-03
+2.636894E+00	+1.575950E-03
+2.637197E+00	+1.581044E-03
+2.637499E+00	+1.586189E-03
+2.637600E+00	+1.591031E-03
+2.638004E+00	+1.595872E-03
+2.638609E+00	+1.601219E-03
+2.638407E+00	+1.605961E-03
+2.639214E+00	+1.610853E-03
+2.639820E+00	+1.616098E-03
+2.639416E+00	+1.620940E-03
+2.639416E+00	+1.625984E-03
+2.640223E+00	+1.631078E-03
+2.640022E+00	+1.636021E-03
+2.640627E+00	+1.641115E-03
+2.640324E+00	+1.645907E-03
+2.640728E+00	+1.650901E-03
+2.641029E+00	+1.655944E-03
+2.641130E+00	+1.660937E-03
+2.641434E+00	+1.666082E-03
+2.641737E+00	+1.671378E-03
+2.641937E+00	+1.676069E-03
+2.642139E+00	+1.681213E-03
+2.642443E+00	+1.686156E-03
+2.642744E+00	+1.690998E-03
+2.643148E+00	+1.696294E-03
+2.642946E+00	+1.700984E-03
+2.643250E+00	+1.706079E-03
+2.643652E+00	+1.711325E-03
+2.643652E+00	+1.716267E-03
+2.644661E+00	+1.721009E-03
+2.644258E+00	+1.725951E-03
+2.644258E+00	+1.731197E-03
+2.644964E+00	+1.736039E-03
+2.644762E+00	+1.740932E-03
+2.645065E+00	+1.746177E-03
+2.645569E+00	+1.751120E-03
+2.645468E+00	+1.756063E-03
+2.645569E+00	+1.761358E-03
+2.645973E+00	+1.766150E-03
+2.646175E+00	+1.771144E-03
+2.646477E+00	+1.776036E-03
+2.646679E+00	+1.781231E-03
+2.647182E+00	+1.786174E-03
+2.647083E+00	+1.791117E-03
+2.647284E+00	+1.796211E-03
+2.647486E+00	+1.801205E-03
+2.647991E+00	+1.806097E-03
+2.648191E+00	+1.811191E-03
+2.648394E+00	+1.816134E-03
+2.648394E+00	+1.821279E-03
+2.648697E+00	+1.826171E-03
+2.648899E+00	+1.831064E-03
+2.649099E+00	+1.836057E-03
+2.649504E+00	+1.841101E-03
+2.649807E+00	+1.846195E-03
+2.649906E+00	+1.850987E-03
+2.650108E+00	+1.856131E-03
+2.650412E+00	+1.861074E-03
+2.650513E+00	+1.866168E-03
+2.650915E+00	+1.871061E-03
+2.651016E+00	+1.876205E-03
+2.651320E+00	+1.881097E-03
+2.651823E+00	+1.886192E-03
+2.651621E+00	+1.891236E-03
+2.651924E+00	+1.896178E-03
+2.652630E+00	+1.901273E-03
+2.652328E+00	+1.906266E-03
+2.652630E+00	+1.910957E-03
+2.652832E+00	+1.916253E-03
+2.653236E+00	+1.921347E-03
+2.653034E+00	+1.926290E-03
+2.653437E+00	+1.931232E-03
+2.653538E+00	+1.936176E-03
+2.654245E+00	+1.941169E-03
+2.654245E+00	+1.946213E-03
+2.654446E+00	+1.951307E-03
+2.654547E+00	+1.956250E-03
+2.655657E+00	+1.961143E-03
+2.655354E+00	+1.966438E-03
+2.655859E+00	+1.971280E-03
+2.655657E+00	+1.976274E-03
+2.655455E+00	+1.981216E-03
+2.655758E+00	+1.986160E-03
+2.656565E+00	+1.991506E-03
+2.656666E+00	+1.996247E-03
+2.656767E+00	+2.001139E-03
+2.656868E+00	+2.006183E-03
+2.657372E+00	+2.011176E-03
+2.657675E+00	+2.016624E-03
+2.657473E+00	+2.021567E-03
+2.657776E+00	+2.026157E-03
+2.657976E+00	+2.031402E-03
+2.658178E+00	+2.036245E-03
+2.657976E+00	+2.041187E-03
+2.658482E+00	+2.046231E-03
+2.658884E+00	+2.051023E-03
+2.659288E+00	+2.056671E-03
+2.659187E+00	+2.061362E-03
+2.659389E+00	+2.066255E-03
+2.659691E+00	+2.071299E-03
+2.659792E+00	+2.076494E-03
+2.660196E+00	+2.081235E-03
+2.660095E+00	+2.086077E-03
+2.660398E+00	+2.091019E-03
+2.660700E+00	+2.096214E-03
+2.660700E+00	+2.101056E-03
+2.661205E+00	+2.106302E-03
+2.661306E+00	+2.111144E-03
+2.661709E+00	+2.116187E-03
+2.661911E+00	+2.121232E-03
+2.662012E+00	+2.126175E-03
+2.662113E+00	+2.131118E-03
+2.662516E+00	+2.136413E-03
+2.662718E+00	+2.141104E-03
+2.663021E+00	+2.146198E-03
+2.663021E+00	+2.151141E-03
+2.663322E+00	+2.156437E-03
+2.663424E+00	+2.161077E-03
+2.663727E+00	+2.166424E-03
+2.663727E+00	+2.171266E-03
+2.663727E+00	+2.176108E-03
+2.664129E+00	+2.181152E-03
+2.664331E+00	+2.186498E-03
+2.665138E+00	+2.191138E-03
+2.664736E+00	+2.196182E-03
+2.665138E+00	+2.201024E-03
+2.665239E+00	+2.205967E-03
+2.666147E+00	+2.211212E-03
+2.666451E+00	+2.216156E-03
+2.666046E+00	+2.221250E-03
+2.666248E+00	+2.226142E-03
+2.667055E+00	+2.231287E-03
+2.666653E+00	+2.236078E-03
+2.666853E+00	+2.241071E-03
+2.666853E+00	+2.246317E-03
+2.667257E+00	+2.251058E-03
+2.667459E+00	+2.255951E-03
+2.667459E+00	+2.261196E-03
+2.667761E+00	+2.265988E-03
+2.667963E+00	+2.270981E-03
+2.668165E+00	+2.276126E-03
+2.668266E+00	+2.281019E-03
+2.668568E+00	+2.286516E-03
+2.668871E+00	+2.291156E-03
+2.668972E+00	+2.295998E-03
+2.669174E+00	+2.301042E-03
+2.669174E+00	+2.305884E-03
+2.669981E+00	+2.311231E-03
+2.670282E+00	+2.316123E-03
+2.669779E+00	+2.321217E-03
+2.670383E+00	+2.326059E-03
+2.670687E+00	+2.330951E-03
+2.671091E+00	+2.335995E-03
+2.671091E+00	+2.340837E-03
+2.671696E+00	+2.345982E-03
+2.671494E+00	+2.351329E-03
+2.671898E+00	+2.356019E-03
+2.671696E+00	+2.360962E-03
+2.672098E+00	+2.366057E-03
+2.672199E+00	+2.370949E-03
+2.672300E+00	+2.375891E-03
+2.672604E+00	+2.381036E-03
+2.672907E+00	+2.386030E-03
+2.672907E+00	+2.390922E-03
+2.673006E+00	+2.395916E-03
+2.673208E+00	+2.401111E-03
+2.673914E+00	+2.406104E-03
+2.673813E+00	+2.410895E-03
+2.674015E+00	+2.416040E-03
+2.674217E+00	+2.421034E-03
+2.674318E+00	+2.425724E-03
+2.674721E+00	+2.431020E-03
+2.674721E+00	+2.435963E-03
+2.675024E+00	+2.441107E-03
+2.675226E+00	+2.445949E-03
+2.675428E+00	+2.450993E-03
+2.675629E+00	+2.455886E-03
+2.675529E+00	+2.460930E-03
+2.676033E+00	+2.466074E-03
+2.676134E+00	+2.470966E-03
+2.676235E+00	+2.475859E-03
+2.676437E+00	+2.481055E-03
+2.676941E+00	+2.486149E-03
+2.676941E+00	+2.491041E-03
+2.677345E+00	+2.495833E-03
+2.677647E+00	+2.501381E-03
+2.678251E+00	+2.506374E-03
+2.677546E+00	+2.511367E-03
+2.677950E+00	+2.516462E-03
+2.677950E+00	+2.521404E-03
+2.678352E+00	+2.526348E-03
+2.678656E+00	+2.531240E-03
+2.678858E+00	+2.536485E-03
+2.679159E+00	+2.541630E-03
+2.679159E+00	+2.546523E-03
+2.679060E+00	+2.551365E-03
+2.679462E+00	+2.556358E-03
+2.679361E+00	+2.561351E-03
+2.679766E+00	+2.566394E-03
+2.680168E+00	+2.571438E-03
+2.680573E+00	+2.576331E-03
+2.680168E+00	+2.581425E-03
+2.680674E+00	+2.586317E-03
+2.680775E+00	+2.591462E-03
+2.680975E+00	+2.596556E-03
+2.681278E+00	+2.601600E-03
+2.681278E+00	+2.606241E-03
+2.681581E+00	+2.611334E-03
+2.682186E+00	+2.616378E-03
+2.681984E+00	+2.621372E-03
+2.682287E+00	+2.626365E-03
+2.682287E+00	+2.631409E-03
+2.682690E+00	+2.636453E-03
+2.683195E+00	+2.641345E-03
+2.682993E+00	+2.646440E-03
+2.683397E+00	+2.651231E-03
+2.684204E+00	+2.656376E-03
+2.683598E+00	+2.661319E-03
+2.683699E+00	+2.666211E-03
+2.683901E+00	+2.671406E-03
+2.684002E+00	+2.676299E-03
+2.684305E+00	+2.681443E-03
+2.684505E+00	+2.686538E-03
+2.684809E+00	+2.691531E-03
+2.685213E+00	+2.696272E-03
+2.684910E+00	+2.701265E-03
+2.685514E+00	+2.706359E-03
+2.685616E+00	+2.711353E-03
+2.685919E+00	+2.716295E-03
+2.686121E+00	+2.721239E-03
+2.686020E+00	+2.726635E-03
+2.686321E+00	+2.731276E-03
+2.686625E+00	+2.736571E-03
+2.686726E+00	+2.741515E-03
+2.686726E+00	+2.746155E-03
+2.687330E+00	+2.751349E-03
+2.687229E+00	+2.756394E-03
+2.687532E+00	+2.761488E-03
+2.687836E+00	+2.766380E-03
+2.687735E+00	+2.771474E-03
+2.688339E+00	+2.776367E-03
+2.688137E+00	+2.781613E-03
+2.688541E+00	+2.786303E-03
+2.688845E+00	+2.791347E-03
+2.688744E+00	+2.796441E-03
+2.688944E+00	+2.801687E-03
+2.689045E+00	+2.806528E-03
+2.689247E+00	+2.811370E-03
+2.689348E+00	+2.816565E-03
+2.689753E+00	+2.821459E-03
+2.690054E+00	+2.826351E-03
+2.690054E+00	+2.831495E-03
+2.690256E+00	+2.836539E-03
+2.690760E+00	+2.841532E-03
+2.690760E+00	+2.846424E-03
+2.690962E+00	+2.851620E-03
+2.691366E+00	+2.856513E-03
+2.691063E+00	+2.861304E-03
+2.691467E+00	+2.866549E-03
+2.691265E+00	+2.871341E-03
+2.691769E+00	+2.876586E-03
+2.692072E+00	+2.881479E-03
+2.692474E+00	+2.886523E-03
+2.693081E+00	+2.891466E-03
+2.692980E+00	+2.896459E-03
+2.692778E+00	+2.901301E-03
+2.693081E+00	+2.906497E-03
+2.693182E+00	+2.911489E-03
+2.693584E+00	+2.916331E-03
+2.693787E+00	+2.921628E-03
+2.693787E+00	+2.926570E-03
+2.694191E+00	+2.931564E-03
+2.693989E+00	+2.936406E-03
+2.694191E+00	+2.941298E-03
+2.694492E+00	+2.946393E-03
+2.694695E+00	+2.951385E-03
+2.694796E+00	+2.956632E-03
+2.694897E+00	+2.961372E-03
+2.695198E+00	+2.966366E-03
+2.695299E+00	+2.971561E-03
+2.696005E+00	+2.976504E-03
+2.696005E+00	+2.981649E-03
+2.696005E+00	+2.986541E-03
+2.695805E+00	+2.991484E-03
+2.696308E+00	+2.996376E-03
+2.696712E+00	+3.001572E-03
+2.696712E+00	+3.006564E-03
+2.697620E+00	+3.011508E-03
+2.697115E+00	+3.016350E-03
+2.697418E+00	+3.021393E-03
+2.697317E+00	+3.026538E-03
+2.697620E+00	+3.031481E-03
+2.697922E+00	+3.036424E-03
+2.698023E+00	+3.041518E-03
+2.698326E+00	+3.046663E-03
+2.698427E+00	+3.051454E-03
+2.698629E+00	+3.056447E-03
+2.698931E+00	+3.061541E-03
+2.699133E+00	+3.066485E-03
+2.699738E+00	+3.071680E-03
+2.699636E+00	+3.076673E-03
+2.699436E+00	+3.081464E-03
+2.699537E+00	+3.086710E-03
+2.699839E+00	+3.091502E-03
+2.700142E+00	+3.096798E-03
+2.700243E+00	+3.101741E-03
+2.700344E+00	+3.106481E-03
+2.700848E+00	+3.111525E-03
+2.700848E+00	+3.116468E-03
+2.701252E+00	+3.121664E-03
+2.701050E+00	+3.126404E-03
+2.701252E+00	+3.131499E-03
+2.701654E+00	+3.136643E-03
+2.701857E+00	+3.141535E-03
+2.701756E+00	+3.146579E-03
+2.701958E+00	+3.151624E-03
+2.702259E+00	+3.156818E-03
+2.702160E+00	+3.161761E-03
+2.702765E+00	+3.166704E-03
+2.702866E+00	+3.171597E-03
+2.702663E+00	+3.176741E-03
+2.703268E+00	+3.181583E-03
+2.703571E+00	+3.186930E-03
+2.703470E+00	+3.191772E-03
+2.703571E+00	+3.196664E-03
+2.703875E+00	+3.201961E-03
+2.704277E+00	+3.206752E-03
+2.704176E+00	+3.211543E-03
+2.704681E+00	+3.216637E-03
+2.704580E+00	+3.221631E-03
+2.704882E+00	+3.226624E-03
+2.704580E+00	+3.231718E-03
+2.705084E+00	+3.236762E-03
+2.705084E+00	+3.241654E-03
+2.705387E+00	+3.246598E-03
+2.705589E+00	+3.251691E-03
+2.706295E+00	+3.256483E-03
+2.705790E+00	+3.261577E-03
+2.706497E+00	+3.266621E-03
+2.706093E+00	+3.271665E-03
+2.706799E+00	+3.276760E-03
+2.707001E+00	+3.281955E-03
+2.706697E+00	+3.286544E-03
+2.707304E+00	+3.291739E-03
+2.707001E+00	+3.296833E-03
+2.707203E+00	+3.301675E-03
+2.707506E+00	+3.306669E-03
+2.707808E+00	+3.311712E-03
+2.708010E+00	+3.316756E-03
+2.708513E+00	+3.321649E-03
+2.708212E+00	+3.326743E-03
+2.708513E+00	+3.331686E-03
+2.708817E+00	+3.336629E-03
+2.708715E+00	+3.341673E-03
+2.708715E+00	+3.346818E-03
+2.709120E+00	+3.351558E-03
+2.709421E+00	+3.356754E-03
+2.709724E+00	+3.361646E-03
+2.709826E+00	+3.366488E-03
+2.710228E+00	+3.371582E-03
+2.710129E+00	+3.376677E-03
+2.710129E+00	+3.381771E-03
+2.710531E+00	+3.386714E-03
+2.710733E+00	+3.391707E-03
+2.710936E+00	+3.396700E-03
+2.710936E+00	+3.401441E-03
+2.711237E+00	+3.406889E-03
+2.711338E+00	+3.411731E-03
+2.711540E+00	+3.416522E-03
+2.711742E+00	+3.421717E-03
+2.711945E+00	+3.426559E-03
+2.712044E+00	+3.431804E-03
+2.711945E+00	+3.436646E-03
+2.712145E+00	+3.441540E-03
+2.712246E+00	+3.446735E-03
+2.712751E+00	+3.451576E-03
+2.713154E+00	+3.456519E-03
+2.713255E+00	+3.461613E-03
+2.713356E+00	+3.466607E-03
+2.714163E+00	+3.471701E-03
+2.713659E+00	+3.476694E-03
+2.713659E+00	+3.481688E-03
+2.713961E+00	+3.486480E-03
+2.714970E+00	+3.491372E-03
+2.714466E+00	+3.496667E-03
+2.714970E+00	+3.502165E-03
+2.714666E+00	+3.506957E-03
+2.714970E+00	+3.512152E-03
+2.715878E+00	+3.517095E-03
+2.715776E+00	+3.522189E-03
+2.715475E+00	+3.527082E-03
+2.715574E+00	+3.531873E-03
+2.715675E+00	+3.537118E-03
+2.716282E+00	+3.542062E-03
+2.716080E+00	+3.547105E-03
+2.716583E+00	+3.552099E-03
+2.717089E+00	+3.557041E-03
+2.716482E+00	+3.562287E-03
+2.717291E+00	+3.567028E-03
+2.716988E+00	+3.571921E-03
+2.717089E+00	+3.577066E-03
+2.718098E+00	+3.581958E-03
+2.717592E+00	+3.587253E-03
+2.717693E+00	+3.592297E-03
+2.718098E+00	+3.597089E-03
+2.718298E+00	+3.602133E-03
+2.718197E+00	+3.607025E-03
+2.718298E+00	+3.612069E-03
+2.719206E+00	+3.616911E-03
+2.719006E+00	+3.621753E-03
+2.719105E+00	+3.627150E-03
+2.719206E+00	+3.631992E-03
+2.719006E+00	+3.636985E-03
+2.719610E+00	+3.642382E-03
+2.719711E+00	+3.647174E-03
+2.720013E+00	+3.651965E-03
+2.719913E+00	+3.657009E-03
+2.720215E+00	+3.661851E-03
+2.720316E+00	+3.666895E-03
+2.720518E+00	+3.671989E-03
+2.720720E+00	+3.676983E-03
+2.720821E+00	+3.681825E-03
+2.720821E+00	+3.686869E-03
+2.720921E+00	+3.692114E-03
+2.721224E+00	+3.696805E-03
+2.721426E+00	+3.701898E-03
+2.721628E+00	+3.706842E-03
+2.721729E+00	+3.711784E-03
+2.722132E+00	+3.716879E-03
+2.722233E+00	+3.722074E-03
+2.723141E+00	+3.726865E-03
+2.722635E+00	+3.731859E-03
+2.722837E+00	+3.736651E-03
+2.723141E+00	+3.741896E-03
+2.723242E+00	+3.746890E-03
+2.723242E+00	+3.751630E-03
+2.723644E+00	+3.756775E-03
+2.723644E+00	+3.761768E-03
+2.723644E+00	+3.766913E-03
+2.723745E+00	+3.771957E-03
+2.724049E+00	+3.776647E-03
+2.724150E+00	+3.781893E-03
+2.724754E+00	+3.786684E-03
+2.724552E+00	+3.791830E-03
+2.724653E+00	+3.796772E-03
+2.725260E+00	+3.801765E-03
+2.725359E+00	+3.807162E-03
+2.725058E+00	+3.811752E-03
+2.725662E+00	+3.816796E-03
+2.725561E+00	+3.821789E-03
+2.725662E+00	+3.826732E-03
+2.725763E+00	+3.831776E-03
+2.726267E+00	+3.836769E-03
+2.726570E+00	+3.841560E-03
+2.726267E+00	+3.846705E-03
+2.726772E+00	+3.851699E-03
+2.726974E+00	+3.856894E-03
+2.726974E+00	+3.861887E-03
+2.727175E+00	+3.866679E-03
+2.727882E+00	+3.871772E-03
+2.727478E+00	+3.876615E-03
+2.727882E+00	+3.881810E-03
+2.727781E+00	+3.886702E-03
+2.728083E+00	+3.891595E-03
+2.728184E+00	+3.896739E-03
+2.728083E+00	+3.901632E-03
+2.728487E+00	+3.906625E-03
+2.728689E+00	+3.911770E-03
+2.728790E+00	+3.916662E-03
+2.728991E+00	+3.921706E-03
+2.729294E+00	+3.926750E-03
+2.729294E+00	+3.931693E-03
+2.729395E+00	+3.936585E-03
+2.729597E+00	+3.941579E-03
+2.729797E+00	+3.946774E-03
+2.729898E+00	+3.951666E-03
+2.729898E+00	+3.956558E-03
+2.730303E+00	+3.961653E-03
+2.730202E+00	+3.966747E-03
+2.731009E+00	+3.971388E-03
+2.730606E+00	+3.976683E-03
+2.730907E+00	+3.981727E-03
+2.731413E+00	+3.986469E-03
+2.731312E+00	+3.991663E-03
+2.731312E+00	+3.996455E-03
+2.731714E+00	+4.001498E-03
+2.731613E+00	+4.006593E-03
+2.732220E+00	+4.011637E-03
+2.732321E+00	+4.016681E-03
+2.732321E+00	+4.021523E-03
+2.732420E+00	+4.026667E-03
+2.732622E+00	+4.031660E-03
+2.733027E+00	+4.036603E-03
+2.733631E+00	+4.041748E-03
+2.733631E+00	+4.046590E-03
+2.733229E+00	+4.051937E-03
+2.733530E+00	+4.056677E-03
+2.734137E+00	+4.061721E-03
+2.733934E+00	+4.066715E-03
+2.734035E+00	+4.071607E-03
+2.734539E+00	+4.076802E-03
+2.734438E+00	+4.082047E-03
+2.734539E+00	+4.086638E-03
+2.734539E+00	+4.091933E-03
+2.734640E+00	+4.096775E-03
+2.735245E+00	+4.101920E-03
+2.735144E+00	+4.106712E-03
+2.735346E+00	+4.111856E-03
+2.735447E+00	+4.116900E-03
+2.735750E+00	+4.121944E-03
+2.735750E+00	+4.126735E-03
+2.736254E+00	+4.131880E-03
+2.736153E+00	+4.136773E-03
+2.736153E+00	+4.141917E-03
+2.736456E+00	+4.146810E-03
+2.736759E+00	+4.151752E-03
+2.737061E+00	+4.156897E-03
+2.736858E+00	+4.161891E-03
+2.737162E+00	+4.166985E-03
+2.737263E+00	+4.171827E-03
+2.737263E+00	+4.176769E-03
+2.737566E+00	+4.181864E-03
+2.737766E+00	+4.186908E-03
+2.737867E+00	+4.191850E-03
+2.738070E+00	+4.196945E-03
+2.738373E+00	+4.201686E-03
+2.738575E+00	+4.206982E-03
+2.738674E+00	+4.211925E-03
+2.738674E+00	+4.216968E-03
+2.738876E+00	+4.221912E-03
+2.738876E+00	+4.226753E-03
+2.739180E+00	+4.231848E-03
+2.739483E+00	+4.236942E-03
+2.739784E+00	+4.242187E-03
+2.740290E+00	+4.246929E-03
+2.739784E+00	+4.251821E-03
+2.740692E+00	+4.256966E-03
+2.740088E+00	+4.261908E-03
+2.740490E+00	+4.267154E-03
+2.740894E+00	+4.271946E-03
+2.740793E+00	+4.276939E-03
+2.740591E+00	+4.281983E-03
+2.740894E+00	+4.286976E-03
+2.741600E+00	+4.291919E-03
+2.741297E+00	+4.297114E-03
+2.741701E+00	+4.302006E-03
+2.741802E+00	+4.307101E-03
+2.741903E+00	+4.312043E-03
+2.742205E+00	+4.316936E-03
+2.742912E+00	+4.322031E-03
+2.742407E+00	+4.327023E-03
+2.742508E+00	+4.331916E-03
+2.742508E+00	+4.337313E-03
+2.743214E+00	+4.341852E-03
+2.742811E+00	+4.347148E-03
+2.743214E+00	+4.351990E-03
+2.743214E+00	+4.356732E-03
+2.744122E+00	+4.361927E-03
+2.743618E+00	+4.367071E-03
+2.743517E+00	+4.371963E-03
+2.744020E+00	+4.376957E-03
+2.744020E+00	+4.381900E-03
+2.744425E+00	+4.387095E-03
+2.744627E+00	+4.392088E-03
+2.744627E+00	+4.396880E-03
+2.744928E+00	+4.401923E-03
+2.744928E+00	+4.407017E-03
+2.744928E+00	+4.412162E-03
+2.745434E+00	+4.417055E-03
+2.745434E+00	+4.422149E-03
+2.745636E+00	+4.426991E-03
+2.745434E+00	+4.432035E-03
+2.745937E+00	+4.437179E-03
+2.746241E+00	+4.442021E-03
+2.746038E+00	+4.447116E-03
+2.746342E+00	+4.452260E-03
+2.746744E+00	+4.457052E-03
+2.746643E+00	+4.462146E-03
+2.746744E+00	+4.467038E-03
+2.746845E+00	+4.472032E-03
+2.747149E+00	+4.477177E-03
+2.747452E+00	+4.482019E-03
+2.747452E+00	+4.487063E-03
+2.747652E+00	+4.492056E-03
+2.747854E+00	+4.496948E-03
+2.748056E+00	+4.502648E-03
+2.748158E+00	+4.507490E-03
+2.748259E+00	+4.512382E-03
+2.748360E+00	+4.517628E-03
+2.748762E+00	+4.522520E-03
+2.748762E+00	+4.527564E-03
+2.748964E+00	+4.532456E-03
+2.748964E+00	+4.537500E-03
+2.749266E+00	+4.542746E-03
+2.749973E+00	+4.547738E-03
+2.750174E+00	+4.552682E-03
+2.749872E+00	+4.557574E-03
+2.750174E+00	+4.562517E-03
+2.750074E+00	+4.567662E-03
+2.750477E+00	+4.573058E-03
+2.750376E+00	+4.577699E-03
+2.750174E+00	+4.582742E-03
+2.751081E+00	+4.587585E-03
+2.750982E+00	+4.592679E-03
+2.751081E+00	+4.597520E-03
+2.751081E+00	+4.602666E-03
+2.751183E+00	+4.607659E-03
+2.751385E+00	+4.612601E-03
+2.751688E+00	+4.617645E-03
+2.751789E+00	+4.622790E-03
+2.751890E+00	+4.627985E-03
+2.752090E+00	+4.632626E-03
+2.752192E+00	+4.638023E-03
+2.752293E+00	+4.642763E-03
+2.752495E+00	+4.647858E-03
+2.752798E+00	+4.652699E-03
+2.753099E+00	+4.657643E-03
+2.752998E+00	+4.662636E-03
+2.753201E+00	+4.667629E-03
+2.753403E+00	+4.672724E-03
+2.753504E+00	+4.677666E-03
+2.753605E+00	+4.683114E-03
+2.753805E+00	+4.687805E-03
+2.754007E+00	+4.692596E-03
+2.753906E+00	+4.697791E-03
+2.754513E+00	+4.702734E-03
+2.754513E+00	+4.707728E-03
+2.754713E+00	+4.712570E-03
+2.754814E+00	+4.717613E-03
+2.754612E+00	+4.722707E-03
+2.755421E+00	+4.727751E-03
+2.755421E+00	+4.732694E-03
+2.755621E+00	+4.737687E-03
+2.755621E+00	+4.742580E-03
+2.755823E+00	+4.747774E-03
+2.755823E+00	+4.752616E-03
+2.756126E+00	+4.757711E-03
+2.756428E+00	+4.762704E-03
+2.756329E+00	+4.767546E-03
+2.756731E+00	+4.772842E-03
+2.756731E+00	+4.777685E-03
+2.756933E+00	+4.782627E-03
+2.756832E+00	+4.787620E-03
+2.757740E+00	+4.792564E-03
+2.757639E+00	+4.797708E-03
+2.757336E+00	+4.802600E-03
+2.757437E+00	+4.807594E-03
+2.757841E+00	+4.812587E-03
+2.757740E+00	+4.817581E-03
+2.758043E+00	+4.822574E-03
+2.758142E+00	+4.827517E-03
+2.758547E+00	+4.832560E-03
+2.758648E+00	+4.837604E-03
+2.758749E+00	+4.842598E-03
+2.758951E+00	+4.847591E-03
+2.758951E+00	+4.852786E-03
+2.759455E+00	+4.857628E-03
+2.759050E+00	+4.862621E-03
+2.759758E+00	+4.867514E-03
+2.759657E+00	+4.872407E-03
+2.760160E+00	+4.877450E-03
+2.760059E+00	+4.882696E-03
+2.760262E+00	+4.887639E-03
+2.760464E+00	+4.892430E-03
+2.760464E+00	+4.897474E-03
+2.760565E+00	+4.902568E-03
+2.760767E+00	+4.907864E-03
+2.760866E+00	+4.912706E-03
+2.761068E+00	+4.917700E-03
+2.760967E+00	+4.922440E-03
+2.761473E+00	+4.927535E-03
+2.761574E+00	+4.932478E-03
+2.761473E+00	+4.937421E-03
+2.762077E+00	+4.942313E-03
+2.761774E+00	+4.947457E-03
+2.762178E+00	+4.952401E-03
+2.762280E+00	+4.957646E-03
+2.762381E+00	+4.962337E-03
+2.762581E+00	+4.967582E-03
+2.762985E+00	+4.972475E-03
+2.763187E+00	+4.977771E-03
+2.763288E+00	+4.982512E-03
+2.763390E+00	+4.987656E-03
+2.763288E+00	+4.992448E-03
+2.763691E+00	+4.997391E-03
+2.763893E+00	+5.002434E-03
+2.763893E+00	+5.007378E-03
+2.763893E+00	+5.012422E-03
+2.764095E+00	+5.017617E-03
+2.764095E+00	+5.022408E-03
+2.764498E+00	+5.027401E-03
+2.764801E+00	+5.032345E-03
+2.764902E+00	+5.037287E-03
+2.764902E+00	+5.042634E-03
+2.765305E+00	+5.047224E-03
+2.765104E+00	+5.052268E-03
+2.765507E+00	+5.057412E-03
+2.765608E+00	+5.062405E-03
+2.766113E+00	+5.067499E-03
+2.766314E+00	+5.072341E-03
+2.766012E+00	+5.077688E-03
+2.766212E+00	+5.082429E-03
+2.766415E+00	+5.087271E-03
+2.766516E+00	+5.092214E-03
+2.766819E+00	+5.097358E-03
+2.766920E+00	+5.102301E-03
+2.767019E+00	+5.107547E-03
+2.767120E+00	+5.112692E-03
+2.767120E+00	+5.117332E-03
+2.767626E+00	+5.122426E-03
+2.767525E+00	+5.127318E-03
+2.767828E+00	+5.132513E-03
+2.767828E+00	+5.137305E-03
+2.768534E+00	+5.142198E-03
+2.768936E+00	+5.147393E-03
+2.768129E+00	+5.152335E-03
+2.768736E+00	+5.157379E-03
+2.768332E+00	+5.162372E-03
+2.768936E+00	+5.167265E-03
+2.768936E+00	+5.172309E-03
+2.769341E+00	+5.177252E-03
+2.769743E+00	+5.182245E-03
+2.769341E+00	+5.187389E-03
+2.769644E+00	+5.192181E-03
+2.770451E+00	+5.197326E-03
+2.769844E+00	+5.202269E-03
+2.769743E+00	+5.207262E-03
+2.770350E+00	+5.212356E-03
+2.770853E+00	+5.217300E-03
+2.770350E+00	+5.222393E-03
+2.770954E+00	+5.227235E-03
+2.770853E+00	+5.232380E-03
+2.770853E+00	+5.237171E-03
+2.771559E+00	+5.242065E-03
+2.771156E+00	+5.247159E-03
+2.771559E+00	+5.252454E-03
+2.771660E+00	+5.257246E-03
+2.771660E+00	+5.262239E-03
+2.771761E+00	+5.267535E-03
+2.772064E+00	+5.272478E-03
+2.772165E+00	+5.277371E-03
+2.772770E+00	+5.282314E-03
+2.772568E+00	+5.287358E-03
+2.772568E+00	+5.292149E-03
+2.772669E+00	+5.297092E-03
+2.772972E+00	+5.302539E-03
+2.773273E+00	+5.307280E-03
+2.773174E+00	+5.312273E-03
+2.772972E+00	+5.317267E-03
+2.773577E+00	+5.322361E-03
+2.774485E+00	+5.327203E-03
+2.774181E+00	+5.332246E-03
+2.773880E+00	+5.337341E-03
+2.773880E+00	+5.342183E-03
+2.774282E+00	+5.347227E-03
+2.774889E+00	+5.352119E-03
+2.774485E+00	+5.357163E-03
+2.775089E+00	+5.362005E-03
+2.774788E+00	+5.367301E-03
+2.775291E+00	+5.372194E-03
+2.775797E+00	+5.377288E-03
+2.775494E+00	+5.382281E-03
+2.775696E+00	+5.387224E-03
+2.775595E+00	+5.392267E-03
+2.775997E+00	+5.397161E-03
+2.776098E+00	+5.402355E-03
+2.775797E+00	+5.407298E-03
+2.776604E+00	+5.412292E-03
+2.776402E+00	+5.417587E-03
+2.776705E+00	+5.422228E-03
+2.776804E+00	+5.427271E-03
+2.776705E+00	+5.432315E-03
+2.777208E+00	+5.437006E-03
+2.777208E+00	+5.442302E-03
+2.777411E+00	+5.447295E-03
+2.777309E+00	+5.452288E-03
+2.777613E+00	+5.457332E-03
+2.777712E+00	+5.462124E-03
+2.777914E+00	+5.467420E-03
+2.778217E+00	+5.472363E-03
+2.778116E+00	+5.477306E-03
+2.778419E+00	+5.482350E-03
+2.778521E+00	+5.487292E-03
+2.778318E+00	+5.492236E-03
+2.778923E+00	+5.497228E-03
+2.779024E+00	+5.502777E-03
+2.778923E+00	+5.507922E-03
+2.779125E+00	+5.512814E-03
+2.779428E+00	+5.518009E-03
+2.779428E+00	+5.522851E-03
+2.779528E+00	+5.527793E-03
+2.780334E+00	+5.533190E-03
+2.780134E+00	+5.537882E-03
+2.780033E+00	+5.542774E-03
+2.780537E+00	+5.547868E-03
+2.780537E+00	+5.552710E-03
+2.780638E+00	+5.557955E-03
+2.780840E+00	+5.562797E-03
+2.781042E+00	+5.567791E-03
+2.781242E+00	+5.572785E-03
+2.781343E+00	+5.577980E-03
+2.781143E+00	+5.582922E-03
+2.781748E+00	+5.587764E-03
+2.781849E+00	+5.592808E-03
+2.781950E+00	+5.597902E-03
+2.781849E+00	+5.602997E-03
+2.781950E+00	+5.608040E-03
+2.782251E+00	+5.612832E-03
+2.782352E+00	+5.617976E-03
+2.782454E+00	+5.623020E-03
+2.782454E+00	+5.627862E-03
+2.782959E+00	+5.633057E-03
+2.782656E+00	+5.637949E-03
+2.782858E+00	+5.643044E-03
+2.784067E+00	+5.647937E-03
+2.783361E+00	+5.652829E-03
+2.783564E+00	+5.657772E-03
+2.783564E+00	+5.663118E-03
+2.783665E+00	+5.667960E-03
+2.783665E+00	+5.673256E-03
+2.783966E+00	+5.677997E-03
+2.784168E+00	+5.682789E-03
+2.784370E+00	+5.688085E-03
+2.784472E+00	+5.692775E-03
+2.784773E+00	+5.697870E-03
+2.784975E+00	+5.703014E-03
+2.785177E+00	+5.708209E-03
+2.785278E+00	+5.713001E-03
+2.785582E+00	+5.717843E-03
+2.785480E+00	+5.722685E-03
+2.785984E+00	+5.727881E-03
+2.785782E+00	+5.732671E-03
+2.786085E+00	+5.738018E-03
+2.786085E+00	+5.742810E-03
+2.786186E+00	+5.747954E-03
+2.786690E+00	+5.753099E-03
+2.786287E+00	+5.757991E-03
+2.787094E+00	+5.762985E-03
+2.786791E+00	+5.768180E-03
+2.786791E+00	+5.772921E-03
+2.787397E+00	+5.777964E-03
+2.787195E+00	+5.783109E-03
+2.787296E+00	+5.788002E-03
+2.787699E+00	+5.792995E-03
+2.787497E+00	+5.797989E-03
+2.787901E+00	+5.803083E-03
+2.787901E+00	+5.808026E-03
+2.788204E+00	+5.813019E-03
+2.788305E+00	+5.818164E-03
+2.788404E+00	+5.823258E-03
+2.788404E+00	+5.828151E-03
+2.788607E+00	+5.833194E-03
+2.788809E+00	+5.837935E-03
+2.788910E+00	+5.843130E-03
+2.789312E+00	+5.847972E-03
+2.789211E+00	+5.853066E-03
+2.789616E+00	+5.858161E-03
+2.789616E+00	+5.863003E-03
+2.789717E+00	+5.868147E-03
+2.789616E+00	+5.873141E-03
+2.790119E+00	+5.877831E-03
+2.790321E+00	+5.882976E-03
+2.790625E+00	+5.887869E-03
+2.790422E+00	+5.893013E-03
+2.790726E+00	+5.898108E-03
+2.790726E+00	+5.903201E-03
+2.791027E+00	+5.908346E-03
+2.791330E+00	+5.913087E-03
+2.791229E+00	+5.918182E-03
+2.791533E+00	+5.923074E-03
+2.791431E+00	+5.927967E-03
+2.791533E+00	+5.932960E-03
+2.791735E+00	+5.938357E-03
+2.791735E+00	+5.943098E-03
+2.792440E+00	+5.948041E-03
+2.792339E+00	+5.953034E-03
+2.792137E+00	+5.958229E-03
+2.792440E+00	+5.963071E-03
+2.792843E+00	+5.968115E-03
+2.792843E+00	+5.973058E-03
+2.793146E+00	+5.978000E-03
+2.793045E+00	+5.983145E-03
+2.794054E+00	+5.987987E-03
+2.793449E+00	+5.993132E-03
+2.794256E+00	+5.998125E-03
+2.793751E+00	+6.003320E-03
+2.794256E+00	+6.008162E-03
+2.794155E+00	+6.013358E-03
+2.793953E+00	+6.018149E-03
+2.794760E+00	+6.023546E-03
+2.794458E+00	+6.028187E-03
+2.795366E+00	+6.033331E-03
+2.794558E+00	+6.038123E-03
+2.794659E+00	+6.043166E-03
+2.795465E+00	+6.048210E-03
+2.795063E+00	+6.053254E-03
+2.795164E+00	+6.058146E-03
+2.795870E+00	+6.063190E-03
+2.796274E+00	+6.068083E-03
+2.796072E+00	+6.073127E-03
+2.795668E+00	+6.078119E-03
+2.795870E+00	+6.083163E-03
+2.796072E+00	+6.088056E-03
+2.796274E+00	+6.092948E-03
+2.796373E+00	+6.098395E-03
+2.796373E+00	+6.103237E-03
+2.796879E+00	+6.108181E-03
+2.797281E+00	+6.113275E-03
+2.797081E+00	+6.118067E-03
+2.797182E+00	+6.123009E-03
+2.797483E+00	+6.128254E-03
+2.797382E+00	+6.133148E-03
+2.797483E+00	+6.138191E-03
+2.797787E+00	+6.143083E-03
+2.797888E+00	+6.148077E-03
+2.798189E+00	+6.153171E-03
+2.798189E+00	+6.157963E-03
+2.798492E+00	+6.163208E-03
+2.798796E+00	+6.168151E-03
+2.798996E+00	+6.173044E-03
+2.799097E+00	+6.178238E-03
+2.798695E+00	+6.183333E-03
+2.799299E+00	+6.188175E-03
+2.799198E+00	+6.192966E-03
+2.799501E+00	+6.198111E-03
+2.799501E+00	+6.202903E-03
+2.799704E+00	+6.208350E-03
+2.799805E+00	+6.212889E-03
+2.799704E+00	+6.218185E-03
+2.799603E+00	+6.222976E-03
+2.800308E+00	+6.228121E-03
+2.800409E+00	+6.233014E-03
+2.800713E+00	+6.237906E-03
+2.800409E+00	+6.243051E-03
+2.800913E+00	+6.248145E-03
+2.800713E+00	+6.253088E-03
+2.801216E+00	+6.257880E-03
+2.800913E+00	+6.263074E-03
+2.801519E+00	+6.267967E-03
+2.801418E+00	+6.273061E-03
+2.801317E+00	+6.278458E-03
+2.802124E+00	+6.282897E-03
+2.801720E+00	+6.287941E-03
+2.801922E+00	+6.293085E-03
+2.803032E+00	+6.297877E-03
+2.802225E+00	+6.302820E-03
+2.802526E+00	+6.308065E-03
+2.802628E+00	+6.312957E-03
+2.802729E+00	+6.318102E-03
+2.802931E+00	+6.322995E-03
+2.802931E+00	+6.328290E-03
+2.803234E+00	+6.332981E-03
+2.803335E+00	+6.337773E-03
+2.803434E+00	+6.343069E-03
+2.803434E+00	+6.347961E-03
+2.803637E+00	+6.353005E-03
+2.803839E+00	+6.357948E-03
+2.804142E+00	+6.362941E-03
+2.804142E+00	+6.367985E-03
+2.804342E+00	+6.372877E-03
+2.804142E+00	+6.377871E-03
+2.804544E+00	+6.383167E-03
+2.804646E+00	+6.387807E-03
+2.804747E+00	+6.392800E-03
+2.804646E+00	+6.397895E-03
+2.804949E+00	+6.402737E-03
+2.805151E+00	+6.408134E-03
+2.805351E+00	+6.412773E-03
+2.805351E+00	+6.417968E-03
+2.805655E+00	+6.422861E-03
+2.805756E+00	+6.427804E-03
+2.805857E+00	+6.432999E-03
+2.806259E+00	+6.437791E-03
+2.806461E+00	+6.442885E-03
+2.806461E+00	+6.447979E-03
+2.806664E+00	+6.452670E-03
+2.806360E+00	+6.457663E-03
+2.806866E+00	+6.462858E-03
+2.806866E+00	+6.468104E-03
+2.807066E+00	+6.472896E-03
+2.807167E+00	+6.478040E-03
+2.807774E+00	+6.482831E-03
+2.807571E+00	+6.487825E-03
+2.807571E+00	+6.492919E-03
+2.807673E+00	+6.497761E-03
+2.808176E+00	+6.503259E-03
+2.807873E+00	+6.508101E-03
+2.808176E+00	+6.513346E-03
+2.808378E+00	+6.518340E-03
+2.808378E+00	+6.523333E-03
+2.808580E+00	+6.528226E-03
+2.808983E+00	+6.533270E-03
+2.808580E+00	+6.538263E-03
+2.808983E+00	+6.543155E-03
+2.809084E+00	+6.548249E-03
+2.809084E+00	+6.553394E-03
+2.809891E+00	+6.558135E-03
+2.809387E+00	+6.563179E-03
+2.809689E+00	+6.568324E-03
+2.809589E+00	+6.573115E-03
+2.810194E+00	+6.578209E-03
+2.810093E+00	+6.583656E-03
+2.810295E+00	+6.588247E-03
+2.810396E+00	+6.593341E-03
+2.810596E+00	+6.598031E-03
+2.811102E+00	+6.603378E-03
+2.810900E+00	+6.608119E-03
+2.811102E+00	+6.613314E-03
+2.811504E+00	+6.618206E-03
+2.811203E+00	+6.623149E-03
+2.811504E+00	+6.628294E-03
+2.811504E+00	+6.632985E-03
+2.811808E+00	+6.638180E-03
+2.812010E+00	+6.643173E-03
+2.811707E+00	+6.648066E-03
+2.812412E+00	+6.653260E-03
+2.812311E+00	+6.658254E-03
+2.812311E+00	+6.663096E-03
+2.812716E+00	+6.668190E-03
+2.812817E+00	+6.673385E-03
+2.812918E+00	+6.678278E-03
+2.813019E+00	+6.683170E-03
+2.813120E+00	+6.688214E-03
+2.813320E+00	+6.693409E-03
+2.813219E+00	+6.698301E-03
+2.813219E+00	+6.703395E-03
+2.813826E+00	+6.708339E-03
+2.813826E+00	+6.713332E-03
+2.813927E+00	+6.718376E-03
+2.814127E+00	+6.723268E-03
+2.814329E+00	+6.728312E-03
+2.814430E+00	+6.733457E-03
+2.814531E+00	+6.738601E-03
+2.814632E+00	+6.743343E-03
+2.814936E+00	+6.748285E-03
+2.814632E+00	+6.753379E-03
+2.814734E+00	+6.758221E-03
+2.815136E+00	+6.763316E-03
+2.815338E+00	+6.768258E-03
+2.815540E+00	+6.773202E-03
+2.815338E+00	+6.778397E-03
+2.815943E+00	+6.783289E-03
+2.815742E+00	+6.788283E-03
+2.815641E+00	+6.793427E-03
+2.816145E+00	+6.798470E-03
+2.816145E+00	+6.803312E-03
+2.816650E+00	+6.808356E-03
+2.816347E+00	+6.813603E-03
+2.816549E+00	+6.818242E-03
+2.816952E+00	+6.823387E-03
+2.816750E+00	+6.828330E-03
+2.817154E+00	+6.833273E-03
+2.817356E+00	+6.838316E-03
+2.817356E+00	+6.843260E-03
+2.817657E+00	+6.848404E-03
+2.818264E+00	+6.853347E-03
+2.817961E+00	+6.858441E-03
+2.817860E+00	+6.863485E-03
+2.818062E+00	+6.868226E-03
+2.818062E+00	+6.873371E-03
+2.818163E+00	+6.878414E-03
+2.818163E+00	+6.883559E-03
+2.818970E+00	+6.888553E-03
+2.818565E+00	+6.893294E-03
+2.818768E+00	+6.898539E-03
+2.818666E+00	+6.903583E-03
+2.819273E+00	+6.908223E-03
+2.819273E+00	+6.913519E-03
+2.819374E+00	+6.918361E-03
+2.819979E+00	+6.923556E-03
+2.819777E+00	+6.928398E-03
+2.819777E+00	+6.933392E-03
+2.819979E+00	+6.938485E-03
+2.819878E+00	+6.943379E-03
+2.820684E+00	+6.948523E-03
+2.821089E+00	+6.953315E-03
+2.820684E+00	+6.958408E-03
+2.820684E+00	+6.963503E-03
+2.820988E+00	+6.968446E-03
+2.820988E+00	+6.973591E-03
+2.820786E+00	+6.978433E-03
+2.821592E+00	+6.983477E-03
+2.821289E+00	+6.988470E-03
+2.821491E+00	+6.993463E-03
+2.821491E+00	+6.998305E-03
+2.821795E+00	+7.003753E-03
+2.822096E+00	+7.008392E-03
+2.822399E+00	+7.013537E-03
+2.821997E+00	+7.018581E-03
+2.822298E+00	+7.023524E-03
+2.822197E+00	+7.028467E-03
+2.822298E+00	+7.033410E-03
+2.822803E+00	+7.038454E-03
+2.822905E+00	+7.043497E-03
+2.823206E+00	+7.048390E-03
+2.822905E+00	+7.053332E-03
+2.823307E+00	+7.058477E-03
+2.823610E+00	+7.063672E-03
+2.823812E+00	+7.068817E-03
+2.823711E+00	+7.073608E-03
+2.823912E+00	+7.078602E-03
+2.824114E+00	+7.083444E-03
+2.824316E+00	+7.088488E-03
+2.824215E+00	+7.093633E-03
+2.824316E+00	+7.098475E-03
+2.824316E+00	+7.103619E-03
+2.824718E+00	+7.108814E-03
+2.825224E+00	+7.113807E-03
+2.825022E+00	+7.118448E-03
+2.824921E+00	+7.123441E-03
+2.825123E+00	+7.128535E-03
+2.825224E+00	+7.133427E-03
+2.825224E+00	+7.138572E-03
+2.826334E+00	+7.143465E-03
+2.826334E+00	+7.148559E-03
+2.826031E+00	+7.153502E-03
+2.826334E+00	+7.158495E-03
+2.826334E+00	+7.163589E-03
+2.826233E+00	+7.168532E-03
+2.826334E+00	+7.173677E-03
+2.826534E+00	+7.178569E-03
+2.827141E+00	+7.183866E-03
+2.826736E+00	+7.188808E-03
+2.827040E+00	+7.193600E-03
+2.826939E+00	+7.198744E-03
+2.827242E+00	+7.203384E-03
+2.827343E+00	+7.208731E-03
+2.827745E+00	+7.213573E-03
+2.827948E+00	+7.218667E-03
+2.828049E+00	+7.223963E-03
+2.827847E+00	+7.228452E-03
+2.827847E+00	+7.233446E-03
+2.828049E+00	+7.238540E-03
+2.828350E+00	+7.243533E-03
+2.828653E+00	+7.248627E-03
+2.828856E+00	+7.253621E-03
+2.828451E+00	+7.258614E-03
+2.829258E+00	+7.263658E-03
+2.828957E+00	+7.268550E-03
+2.828754E+00	+7.273594E-03
+2.829561E+00	+7.278588E-03
+2.829460E+00	+7.283783E-03
+2.829561E+00	+7.288523E-03
+2.829561E+00	+7.293466E-03
+2.829865E+00	+7.298661E-03
+2.829966E+00	+7.303554E-03
+2.830267E+00	+7.308598E-03
+2.830267E+00	+7.313692E-03
+2.830469E+00	+7.318584E-03
+2.830368E+00	+7.323779E-03
+2.830671E+00	+7.328571E-03
+2.830873E+00	+7.333514E-03
+2.830772E+00	+7.338759E-03
+2.831074E+00	+7.343904E-03
+2.831377E+00	+7.348796E-03
+2.831276E+00	+7.353538E-03
+2.831276E+00	+7.358582E-03
+2.831579E+00	+7.363877E-03
+2.831478E+00	+7.368769E-03
+2.832184E+00	+7.373763E-03
+2.832083E+00	+7.378605E-03
+2.831982E+00	+7.383497E-03
+2.832184E+00	+7.388642E-03
+2.832285E+00	+7.393636E-03
+2.832588E+00	+7.398679E-03
+2.832788E+00	+7.403824E-03
+2.832991E+00	+7.408666E-03
+2.832890E+00	+7.413659E-03
+2.833193E+00	+7.418603E-03
+2.833294E+00	+7.423798E-03
+2.833595E+00	+7.428488E-03
+2.833395E+00	+7.433482E-03
+2.833595E+00	+7.438626E-03
+2.833496E+00	+7.443569E-03
+2.834503E+00	+7.448411E-03
+2.834000E+00	+7.453707E-03
+2.834000E+00	+7.458549E-03
+2.834101E+00	+7.463643E-03
+2.834303E+00	+7.468485E-03
+2.834503E+00	+7.473580E-03
+2.834404E+00	+7.478875E-03
+2.834806E+00	+7.483516E-03
+2.834705E+00	+7.488408E-03
+2.835714E+00	+7.493603E-03
+2.835211E+00	+7.498546E-03
+2.835411E+00	+7.504044E-03
+2.835411E+00	+7.509037E-03
+2.835411E+00	+7.514081E-03
+2.835512E+00	+7.519074E-03
+2.835815E+00	+7.523815E-03
+2.836622E+00	+7.529061E-03
+2.836926E+00	+7.533903E-03
+2.836119E+00	+7.538795E-03
+2.836521E+00	+7.544041E-03
+2.836420E+00	+7.548933E-03
+2.836622E+00	+7.553927E-03
+2.837027E+00	+7.559021E-03
+2.837128E+00	+7.563913E-03
+2.837027E+00	+7.568907E-03
+2.837429E+00	+7.573950E-03
+2.837429E+00	+7.579145E-03
+2.837429E+00	+7.584088E-03
+2.837732E+00	+7.588981E-03
+2.837631E+00	+7.593873E-03
+2.837934E+00	+7.598766E-03
+2.838034E+00	+7.603709E-03
+2.837934E+00	+7.608853E-03
+2.838034E+00	+7.613897E-03
+2.838135E+00	+7.618940E-03
+2.838337E+00	+7.623834E-03
+2.838741E+00	+7.628776E-03
+2.838942E+00	+7.633820E-03
+2.838640E+00	+7.638914E-03
+2.839144E+00	+7.643958E-03
+2.839346E+00	+7.648800E-03
+2.839144E+00	+7.653793E-03
+2.839346E+00	+7.658888E-03
+2.839750E+00	+7.663931E-03
+2.839649E+00	+7.669177E-03
+2.839649E+00	+7.673868E-03
+2.839951E+00	+7.678811E-03
+2.840153E+00	+7.683854E-03
+2.840658E+00	+7.688948E-03
+2.840456E+00	+7.693740E-03
+2.840557E+00	+7.698834E-03
+2.840456E+00	+7.703676E-03
+2.840658E+00	+7.708922E-03
+2.840757E+00	+7.713713E-03
+2.840858E+00	+7.718606E-03
+2.840960E+00	+7.723801E-03
+2.841364E+00	+7.728744E-03
+2.841364E+00	+7.733586E-03
+2.841566E+00	+7.738781E-03
+2.841364E+00	+7.743522E-03
+2.841867E+00	+7.748667E-03
+2.841766E+00	+7.753610E-03
+2.842171E+00	+7.758603E-03
+2.842171E+00	+7.763697E-03
+2.842472E+00	+7.768539E-03
+2.842573E+00	+7.773784E-03
+2.842674E+00	+7.778828E-03
+2.842674E+00	+7.783519E-03
+2.842775E+00	+7.788764E-03
+2.843180E+00	+7.793758E-03
+2.843380E+00	+7.798751E-03
+2.843281E+00	+7.803593E-03
+2.843180E+00	+7.808486E-03
+2.843380E+00	+7.813731E-03
+2.843582E+00	+7.818623E-03
+2.843582E+00	+7.823667E-03
+2.843987E+00	+7.828712E-03
+2.844692E+00	+7.833604E-03
+2.843885E+00	+7.838598E-03
+2.844288E+00	+7.843590E-03
+2.844793E+00	+7.848584E-03
+2.844490E+00	+7.853627E-03
+2.844692E+00	+7.858419E-03
+2.844692E+00	+7.863615E-03
+2.844894E+00	+7.868608E-03
+2.845097E+00	+7.873500E-03
+2.844995E+00	+7.878544E-03
+2.845398E+00	+7.883486E-03
+2.845398E+00	+7.888732E-03
+2.845802E+00	+7.893675E-03
+2.846205E+00	+7.898416E-03
+2.845802E+00	+7.903511E-03
+2.846004E+00	+7.908706E-03
+2.846104E+00	+7.913750E-03
+2.846407E+00	+7.918642E-03
+2.846508E+00	+7.923484E-03
+2.846508E+00	+7.928478E-03
+2.846811E+00	+7.933571E-03
+2.846811E+00	+7.938464E-03
+2.846811E+00	+7.943559E-03
+2.847012E+00	+7.948299E-03
+2.847113E+00	+7.953545E-03
+2.847719E+00	+7.958437E-03
+2.847416E+00	+7.963279E-03
+2.847416E+00	+7.968575E-03
+2.848223E+00	+7.973518E-03
+2.847818E+00	+7.978511E-03
+2.848021E+00	+7.983404E-03
+2.848324E+00	+7.988347E-03
+2.848223E+00	+7.993592E-03
+2.848526E+00	+7.998384E-03
+2.848627E+00	+8.003630E-03
+2.848627E+00	+8.008320E-03
+2.848627E+00	+8.013414E-03
+2.848627E+00	+8.018408E-03
+2.849131E+00	+8.023350E-03
+2.849434E+00	+8.028243E-03
+2.849735E+00	+8.033438E-03
+2.849434E+00	+8.038280E-03
+2.849634E+00	+8.043475E-03
+2.849735E+00	+8.048418E-03
+2.849836E+00	+8.053361E-03
+2.850140E+00	+8.058455E-03
+2.850241E+00	+8.063246E-03
+2.850039E+00	+8.068441E-03
+2.850542E+00	+8.073385E-03
+2.850342E+00	+8.078327E-03
+2.850342E+00	+8.083522E-03
+2.850946E+00	+8.088314E-03
+2.850845E+00	+8.093459E-03
+2.850946E+00	+8.098755E-03
+2.851048E+00	+8.103395E-03
+2.851551E+00	+8.108590E-03
+2.851250E+00	+8.113483E-03
+2.851652E+00	+8.118325E-03
+2.851955E+00	+8.123520E-03
+2.851551E+00	+8.128564E-03
+2.851955E+00	+8.133607E-03
+2.851753E+00	+8.138348E-03
+2.852661E+00	+8.143342E-03
+2.852459E+00	+8.148487E-03
+2.852661E+00	+8.153379E-03
+2.852762E+00	+8.158726E-03
+2.852661E+00	+8.163466E-03
+2.853065E+00	+8.168460E-03
+2.852762E+00	+8.173402E-03
+2.853065E+00	+8.178497E-03
+2.853165E+00	+8.183440E-03
+2.853468E+00	+8.188332E-03
+2.853266E+00	+8.193427E-03
+2.853569E+00	+8.198672E-03
+2.853771E+00	+8.203514E-03
+2.853771E+00	+8.208356E-03
+2.853872E+00	+8.213450E-03
+2.853973E+00	+8.218292E-03
+2.854275E+00	+8.223790E-03
+2.854376E+00	+8.228682E-03
+2.854376E+00	+8.233474E-03
+2.854881E+00	+8.238518E-03
+2.854578E+00	+8.243460E-03
+2.854881E+00	+8.248605E-03
+2.854881E+00	+8.253396E-03
+2.855385E+00	+8.258491E-03
+2.855587E+00	+8.263535E-03
+2.855284E+00	+8.268629E-03
+2.855486E+00	+8.273421E-03
+2.855688E+00	+8.278868E-03
+2.855888E+00	+8.283609E-03
+2.855989E+00	+8.288653E-03
+2.855989E+00	+8.293495E-03
+2.855989E+00	+8.298337E-03
+2.856091E+00	+8.303481E-03
+2.856293E+00	+8.308425E-03
+2.856293E+00	+8.313569E-03
+2.856596E+00	+8.318512E-03
+2.856596E+00	+8.323556E-03
+2.856796E+00	+8.328549E-03
+2.857100E+00	+8.333542E-03
+2.857302E+00	+8.338586E-03
+2.857302E+00	+8.343529E-03
+2.857403E+00	+8.348321E-03
+2.857201E+00	+8.353616E-03
+2.857201E+00	+8.358509E-03
+2.857603E+00	+8.363301E-03
+2.858007E+00	+8.368496E-03
+2.858007E+00	+8.373388E-03
+2.858210E+00	+8.378482E-03
+2.858210E+00	+8.383526E-03
+2.858109E+00	+8.388469E-03
+2.858511E+00	+8.393513E-03
+2.858713E+00	+8.398556E-03
+2.858511E+00	+8.403500E-03
+2.859320E+00	+8.408644E-03
+2.858915E+00	+8.413436E-03
+2.859016E+00	+8.418631E-03
+2.859219E+00	+8.423573E-03
+2.859520E+00	+8.428870E-03
+2.859621E+00	+8.433661E-03
+2.859419E+00	+8.438403E-03
+2.859924E+00	+8.443799E-03
+2.860025E+00	+8.448843E-03
+2.860025E+00	+8.453534E-03
+2.860226E+00	+8.458527E-03
+2.860025E+00	+8.463722E-03
+2.860126E+00	+8.468715E-03
+2.860832E+00	+8.473507E-03
+2.860529E+00	+8.478500E-03
+2.860529E+00	+8.483594E-03
+2.860731E+00	+8.488487E-03
+2.861134E+00	+8.493733E-03
+2.861437E+00	+8.499078E-03
+2.861235E+00	+8.504022E-03
+2.861235E+00	+8.508964E-03
+2.861740E+00	+8.514109E-03
+2.862143E+00	+8.519203E-03
+2.861437E+00	+8.524147E-03
+2.862041E+00	+8.529089E-03
+2.862041E+00	+8.534032E-03
+2.862244E+00	+8.539126E-03
+2.862244E+00	+8.544018E-03
+2.862749E+00	+8.549113E-03
+2.862749E+00	+8.554005E-03
+2.862749E+00	+8.559099E-03
+2.862850E+00	+8.564043E-03
+2.863050E+00	+8.569086E-03
+2.863050E+00	+8.574180E-03
+2.863152E+00	+8.579073E-03
+2.863455E+00	+8.584167E-03
+2.863354E+00	+8.589110E-03
+2.863657E+00	+8.594154E-03
+2.863556E+00	+8.599147E-03
+2.864161E+00	+8.604242E-03
+2.863857E+00	+8.609286E-03
+2.864363E+00	+8.614228E-03
+2.864363E+00	+8.619020E-03
+2.864967E+00	+8.624215E-03
+2.864262E+00	+8.628956E-03
+2.864363E+00	+8.634101E-03
+2.864565E+00	+8.639145E-03
+2.864664E+00	+8.644037E-03
+2.864866E+00	+8.649182E-03
+2.864967E+00	+8.654226E-03
+2.865170E+00	+8.658966E-03
+2.865372E+00	+8.664212E-03
+2.865372E+00	+8.669104E-03
+2.866077E+00	+8.674199E-03
+2.865875E+00	+8.679293E-03
+2.865673E+00	+8.684387E-03
+2.865774E+00	+8.689178E-03
+2.866077E+00	+8.694172E-03
+2.866077E+00	+8.699216E-03
+2.866077E+00	+8.704108E-03
+2.866682E+00	+8.709101E-03
+2.866381E+00	+8.714095E-03
+2.866783E+00	+8.719139E-03
+2.866581E+00	+8.724081E-03
+2.866985E+00	+8.729529E-03
+2.866884E+00	+8.734220E-03
+2.867188E+00	+8.739364E-03
+2.867086E+00	+8.744257E-03
+2.867289E+00	+8.749099E-03
+2.867388E+00	+8.754243E-03
+2.867792E+00	+8.759085E-03
+2.868196E+00	+8.764079E-03
+2.868196E+00	+8.769173E-03
+2.868801E+00	+8.774065E-03
+2.868498E+00	+8.779411E-03
+2.868498E+00	+8.784153E-03
+2.869305E+00	+8.788995E-03
+2.868700E+00	+8.794089E-03
+2.868801E+00	+8.799032E-03
+2.868700E+00	+8.804227E-03
+2.869507E+00	+8.809220E-03
+2.869102E+00	+8.814062E-03
+2.869102E+00	+8.819156E-03
+2.869406E+00	+8.824150E-03
+2.869204E+00	+8.829143E-03
+2.869911E+00	+8.834389E-03
+2.869810E+00	+8.839129E-03
+2.869709E+00	+8.844174E-03
+2.869911E+00	+8.848965E-03
+2.870010E+00	+8.854210E-03
+2.870516E+00	+8.859104E-03
+2.870213E+00	+8.864046E-03
+2.870213E+00	+8.869090E-03
+2.870617E+00	+8.874033E-03
+2.870718E+00	+8.879077E-03
+2.870819E+00	+8.884019E-03
+2.870918E+00	+8.889114E-03
+2.870819E+00	+8.894158E-03
+2.870918E+00	+8.899000E-03
+2.871525E+00	+8.904044E-03
+2.871323E+00	+8.908986E-03
+2.871927E+00	+8.913828E-03
+2.872028E+00	+8.919124E-03
+2.871727E+00	+8.923915E-03
+2.872231E+00	+8.929060E-03
+2.871826E+00	+8.934154E-03
+2.872332E+00	+8.939299E-03
+2.872231E+00	+8.943990E-03
+2.872129E+00	+8.948983E-03
+2.872635E+00	+8.953926E-03
+2.872534E+00	+8.959071E-03
+2.872734E+00	+8.963913E-03
+2.872734E+00	+8.968855E-03
+2.873240E+00	+8.974000E-03
+2.873138E+00	+8.979044E-03
+2.873240E+00	+8.984289E-03
+2.873442E+00	+8.989030E-03
+2.873541E+00	+8.994277E-03
+2.873642E+00	+8.999219E-03
+2.874046E+00	+9.004111E-03
+2.874046E+00	+9.008953E-03
+2.873945E+00	+9.013947E-03
+2.874249E+00	+9.018890E-03
+2.874550E+00	+9.024337E-03
+2.874350E+00	+9.028978E-03
+2.874449E+00	+9.033870E-03
+2.874853E+00	+9.039065E-03
+2.874651E+00	+9.043806E-03
+2.875055E+00	+9.048951E-03
+2.875458E+00	+9.054045E-03
+2.875156E+00	+9.058887E-03
+2.875357E+00	+9.063981E-03
+2.875257E+00	+9.068823E-03
+2.875357E+00	+9.073766E-03
+2.875458E+00	+9.078860E-03
+2.875660E+00	+9.083853E-03
+2.875963E+00	+9.088897E-03
+2.875660E+00	+9.093739E-03
+2.876064E+00	+9.098934E-03
+2.876366E+00	+9.103877E-03
+2.876568E+00	+9.108820E-03
+2.876366E+00	+9.113914E-03
+2.876467E+00	+9.118807E-03
+2.876366E+00	+9.123649E-03
+2.876770E+00	+9.128743E-03
+2.877073E+00	+9.133737E-03
+2.877172E+00	+9.138781E-03
+2.877274E+00	+9.143773E-03
+2.877073E+00	+9.148918E-03
+2.877375E+00	+9.153810E-03
+2.877577E+00	+9.158854E-03
+2.877779E+00	+9.163797E-03
+2.877779E+00	+9.168993E-03
+2.877880E+00	+9.173733E-03
+2.878080E+00	+9.178979E-03
+2.878181E+00	+9.183872E-03
+2.878181E+00	+9.188864E-03
+2.878384E+00	+9.193606E-03
+2.878687E+00	+9.198700E-03
+2.878687E+00	+9.203794E-03
+2.879089E+00	+9.208687E-03
+2.878887E+00	+9.213731E-03
+2.879595E+00	+9.218724E-03
+2.878887E+00	+9.223717E-03
+2.879089E+00	+9.228812E-03
+2.879089E+00	+9.233603E-03
+2.879494E+00	+9.238546E-03
+2.879393E+00	+9.243741E-03
+2.879795E+00	+9.248684E-03
+2.880098E+00	+9.254131E-03
+2.879896E+00	+9.258721E-03
+2.879896E+00	+9.263664E-03
+2.879997E+00	+9.268758E-03
+2.880503E+00	+9.273651E-03
+2.880604E+00	+9.278846E-03
+2.880604E+00	+9.283638E-03
+2.880703E+00	+9.288580E-03
+2.880905E+00	+9.294027E-03
+2.881107E+00	+9.298869E-03
+2.881208E+00	+9.303661E-03
+2.881411E+00	+9.308957E-03
+2.881411E+00	+9.313900E-03
+2.881310E+00	+9.318944E-03
+2.881512E+00	+9.323937E-03
+2.881712E+00	+9.328729E-03
+2.881813E+00	+9.334126E-03
+2.882015E+00	+9.338867E-03
+2.882318E+00	+9.344012E-03
+2.882116E+00	+9.348803E-03
+2.882217E+00	+9.353796E-03
+2.882318E+00	+9.358941E-03
+2.882519E+00	+9.363884E-03
+2.882721E+00	+9.369029E-03
+2.882923E+00	+9.373769E-03
+2.882923E+00	+9.378763E-03
+2.883024E+00	+9.384261E-03
+2.883326E+00	+9.388749E-03
+2.883326E+00	+9.394045E-03
+2.883629E+00	+9.398736E-03
+2.883629E+00	+9.403881E-03
+2.883629E+00	+9.409177E-03
+2.883730E+00	+9.413918E-03
+2.883730E+00	+9.418709E-03
+2.884033E+00	+9.423955E-03
+2.884033E+00	+9.428998E-03
+2.884335E+00	+9.433790E-03
+2.884436E+00	+9.438784E-03
+2.884739E+00	+9.443777E-03
+2.885445E+00	+9.449023E-03
+2.884739E+00	+9.453965E-03
+2.884941E+00	+9.459110E-03
+2.885141E+00	+9.463902E-03
+2.885344E+00	+9.468693E-03
+2.885445E+00	+9.474141E-03
+2.885344E+00	+9.478831E-03
+2.885242E+00	+9.483774E-03
+2.885748E+00	+9.488969E-03
+2.885344E+00	+9.494214E-03
+2.885849E+00	+9.499460E-03
+2.885950E+00	+9.504706E-03
+2.886251E+00	+9.509598E-03
+2.886454E+00	+9.514491E-03
+2.886454E+00	+9.519383E-03
+2.886656E+00	+9.524578E-03
+2.886555E+00	+9.529622E-03
+2.887159E+00	+9.534565E-03
+2.886856E+00	+9.539609E-03
+2.887159E+00	+9.544602E-03
+2.886957E+00	+9.549848E-03
+2.887564E+00	+9.554437E-03
+2.887260E+00	+9.559279E-03
+2.887665E+00	+9.564424E-03
+2.887764E+00	+9.569418E-03
+2.887564E+00	+9.574360E-03
+2.887564E+00	+9.579605E-03
+2.887966E+00	+9.584447E-03
+2.888269E+00	+9.589542E-03
+2.887966E+00	+9.594485E-03
+2.888472E+00	+9.599428E-03
+2.888573E+00	+9.604522E-03
+2.888672E+00	+9.609465E-03
+2.888773E+00	+9.614509E-03
+2.888773E+00	+9.619653E-03
+2.889380E+00	+9.624545E-03
+2.888975E+00	+9.629489E-03
+2.888975E+00	+9.634482E-03
+2.889883E+00	+9.639677E-03
+2.889278E+00	+9.644519E-03
+2.889481E+00	+9.649512E-03
+2.889278E+00	+9.654455E-03
+2.889883E+00	+9.659499E-03
+2.889883E+00	+9.664694E-03
+2.890186E+00	+9.669536E-03
+2.890085E+00	+9.674429E-03
+2.890287E+00	+9.679624E-03
+2.890287E+00	+9.684466E-03
+2.890388E+00	+9.689560E-03
+2.890287E+00	+9.694805E-03
+2.890791E+00	+9.699547E-03
+2.890892E+00	+9.704691E-03
+2.890993E+00	+9.709634E-03
+2.890892E+00	+9.714476E-03
+2.891396E+00	+9.719671E-03
+2.891294E+00	+9.724614E-03
+2.891497E+00	+9.729456E-03
+2.891598E+00	+9.734500E-03
+2.891800E+00	+9.739392E-03
+2.891800E+00	+9.744739E-03
+2.891598E+00	+9.749581E-03
+2.892002E+00	+9.754473E-03
+2.892002E+00	+9.759618E-03
+2.892405E+00	+9.764308E-03
+2.892506E+00	+9.769655E-03
+2.892607E+00	+9.774547E-03
+2.892405E+00	+9.779339E-03
+2.892809E+00	+9.784685E-03
+2.893110E+00	+9.789628E-03
+2.892910E+00	+9.794622E-03
+2.893414E+00	+9.799615E-03
+2.893414E+00	+9.804558E-03
+2.893616E+00	+9.809501E-03
+2.893515E+00	+9.814494E-03
+2.894018E+00	+9.819387E-03
+2.893717E+00	+9.824682E-03
+2.893616E+00	+9.829474E-03
+2.893818E+00	+9.834770E-03
+2.894119E+00	+9.839662E-03
+2.894220E+00	+9.844404E-03
+2.894423E+00	+9.849599E-03
+2.895229E+00	+9.854541E-03
+2.894625E+00	+9.859686E-03
+2.894827E+00	+9.864629E-03
+2.894726E+00	+9.869521E-03
+2.895128E+00	+9.874515E-03
+2.895229E+00	+9.879660E-03
+2.895128E+00	+9.884804E-03
+2.895229E+00	+9.889596E-03
+2.895330E+00	+9.894589E-03
+2.895432E+00	+9.899734E-03
+2.895834E+00	+9.904677E-03
+2.895733E+00	+9.909670E-03
+2.895935E+00	+9.914714E-03
+2.896238E+00	+9.919707E-03
+2.895935E+00	+9.924700E-03
+2.896339E+00	+9.929492E-03
+2.896542E+00	+9.934586E-03
+2.896238E+00	+9.939681E-03
+2.896542E+00	+9.945027E-03
+2.896542E+00	+9.949718E-03
+2.896542E+00	+9.954660E-03
+2.897146E+00	+9.959604E-03
+2.897045E+00	+9.964546E-03
+2.897146E+00	+9.969741E-03
+2.898155E+00	+9.974633E-03
+2.897247E+00	+9.979677E-03
+2.898457E+00	+9.984671E-03
+2.897650E+00	+9.989866E-03
+2.897751E+00	+9.994506E-03
+2.898054E+00	+9.999802E-03

